Dataset, Hamming Loss, Subset Accuracy, Example-Based Precision, Example-Based Recall, Example-Based F Measure, Example-Based Accuracy, Example-Based Specificity, Micro-averaged Precision, Micro-averaged Recall, Micro-averaged F-Measure, Micro-averaged Specificity, Micro-averaged Accuracy, Macro-averaged Precision, Macro-averaged Recall, Macro-averaged F-Measure, Macro-averaged Specificity, Macro-averaged Accuracy, Average Precision, Coverage, OneError, IsError, ErrorSetSize, Ranking Loss, Mean Average Precision, Geometric Mean Average Precision, Mean Average Interpolated Precision, Geometric Mean Average Interpolated Precision, Logarithmic Loss, number of evaluations, execution time
yeast_train_1,0.21027914614121512,0.07908045977011494,0.7084597701149428,0.5276194622746342,0.5802828206276507,0.46302486274900073,0.908686089134365,0.7030145680080773,0.5287481015404643,0.6035539595071513,0.9030237377543331,0.7897208538587849,0.3517295823542516,0.28205910533511447,0.28241498271720356,0.8044973924257006,0.7897208538587849,0.7228294336426627,7.257471264367816,0.2519540229885057,0.7337931034482759,8.831264367816091,0.23276076550707098,0.40281538557071855,0.2797854154789256,0.4362328371633245,0.32704916217091135,29.933116981446048,172,59.713
yeast_train_1,0.07858784893267665,0.5144827586206897,0.8533654442619953,0.9003062812028334,0.8637082009363439,0.8007604451742387,0.935969844969847,0.8527861056549157,0.8948795834237362,0.8733259223969085,0.93293142426526,0.9214121510673234,0.8488786225258115,0.8155547529530348,0.8256777222804977,0.8898931510288429,0.9214121510673233,0.9098029032533685,4.5425287356321835,0.10114942528735632,0.3774712643678161,2.023448275862069,0.05531169769839728,0.8778284424918634,0.8722402514589785,0.8575779678590688,0.8523762956760899,6.778968259175238,172,93.56
yeast_train_1,0.07858784893267665,0.5144827586206897,0.8533654442619953,0.9003062812028334,0.8637082009363439,0.8007604451742387,0.935969844969847,0.8527861056549157,0.8948795834237362,0.8733259223969085,0.93293142426526,0.9214121510673234,0.8488786225258115,0.8155547529530348,0.8256777222804977,0.8898931510288429,0.9214121510673233,0.9098029032533685,4.5425287356321835,0.10114942528735632,0.3774712643678161,2.023448275862069,0.05531169769839728,0.8778284424918634,0.8722402514589785,0.8575779678590688,0.8523762956760899,6.778968259175238,172,35.2
emotions_train_1,0.013133208255159477,0.926829268292683,0.9815509693558475,0.9743589743589745,0.9742964352720456,0.9643527204502814,0.993183239524703,0.9847560975609756,0.9728915662650602,0.9787878787878788,0.9931880108991825,0.9868667917448405,0.9878096748064591,0.9720039125880441,0.97971935529488,0.9920727814162897,0.9868667917448405,0.9930268918073796,0.9024390243902439,0.009380863039399626,0.02626641651031895,0.04127579737335835,0.005195955805711903,0.9950066704579758,0.9950013164855575,0.9725352052406522,0.9723215713191016,0.44109465327830516,87,5.404
emotions_train_1,0.03158223889931206,0.8630393996247655,0.9509068167604753,0.9509068167604754,0.9410256410256418,0.9224515322076299,0.9813008130081304,0.9512195121951219,0.9464105156723963,0.9488089204257476,0.9782707107288365,0.9684177611006879,0.9521458699581764,0.9458329009971204,0.9485711211887741,0.9774018877570874,0.9684177611006878,0.9718336483931947,0.9906191369606003,0.05065666041275797,0.07692307692307693,0.1425891181988743,0.01985094850948509,0.9557583449514491,0.9556446726904885,0.9151092661739756,0.915004175738107,1.8434053541559223,87,5.444
emotions_train_1,0.013133208255159477,0.926829268292683,0.9815509693558475,0.9743589743589745,0.9742964352720456,0.9643527204502814,0.993183239524703,0.9847560975609756,0.9728915662650602,0.9787878787878788,0.9931880108991825,0.9868667917448405,0.9878096748064591,0.9720039125880441,0.97971935529488,0.9920727814162897,0.9868667917448405,0.9930268918073796,0.9024390243902439,0.009380863039399626,0.02626641651031895,0.04127579737335835,0.005195955805711903,0.9950066704579758,0.9950013164855575,0.9725352052406522,0.9723215713191016,0.44109465327830516,87,5.568
emotions_train_1,0.013758599124452781,0.9343339587242027,0.9821763602251408,0.9762351469668541,0.9760475297060668,0.9668542839274545,0.9920575359599749,0.9827586206896551,0.9728915662650602,0.9778002018163471,0.9922797456857403,0.9862414008755472,0.9844210291920864,0.9726288188521043,0.9784520923563025,0.9915656541567807,0.9862414008755471,0.995403377110694,0.9043151969981238,0.001876172607879925,0.0225140712945591,0.0375234521575985,0.004560141755263706,0.9969948089395322,0.9969892043187574,0.983884379701126,0.9836529700142198,0.35609574746090766,87,2.07
emotions_train_1,0.01469668542839275,0.9230769230769231,0.9779549718574109,0.9796747967479676,0.974778879656929,0.9637273295809883,0.9886178861788619,0.974974974974975,0.9779116465863453,0.9764411027568922,0.9886466848319709,0.9853033145716072,0.9762639555701192,0.9777136082279236,0.9768421161637743,0.9879699391267139,0.9853033145716071,0.9930268918073796,0.9136960600375235,0.0075046904315197,0.02626641651031895,0.05065666041275797,0.0063164477798624144,0.9958918180911479,0.9958878209376512,0.9769702224307094,0.9767593351963867,0.4589706042681937,87,2.18
emotions_train_1,0.035647279549718566,0.8555347091932458,0.9471544715447155,0.9480925578486553,0.9371482176360233,0.9177611006879298,0.9782363977485931,0.9441624365482234,0.9403437815975733,0.9422492401215805,0.9751018560434586,0.9643527204502814,0.9440679173362833,0.9400720773572834,0.9412535674633258,0.974798162254265,0.9643527204502815,0.9687198067632851,1.0112570356472796,0.054409005628517824,0.08630393996247655,0.17823639774859287,0.023816968938920147,0.9540627606188207,0.9538104348624846,0.9169663813694869,0.916808937153063,1.9014980689571845,87,3.116
emotions_train_1,0.0312695434646654,0.8574108818011257,0.9543464665415885,0.9546591619762353,0.9442776735459671,0.9240150093808631,0.9796747967479676,0.9476334340382678,0.9514661274014156,0.9495459132189707,0.9764599366229063,0.9687304565353346,0.9482197156515483,0.9501969147399487,0.9486712098313287,0.9757984767155174,0.9687304565353346,0.9713715605965134,1.0150093808630394,0.04690431519699812,0.08630393996247655,0.16885553470919323,0.022477590160516987,0.9552024788324878,0.9550924274046221,0.9173442088481601,0.9172318483377531,1.9318558815186393,87,2.959
emotions_train_1,0.03533458411507193,0.8536585365853658,0.9480925578486553,0.9474671669793623,0.9373358348968114,0.9168230143839899,0.9782989368355223,0.9442190669371197,0.9413549039433772,0.9427848101265823,0.9751018560434586,0.964665415884928,0.94440737164032,0.9387976040756306,0.9410061776585646,0.9743608413600929,0.9646654158849279,0.9705419029615626,1.00375234521576,0.05065666041275797,0.08442776735459662,0.1575984990619137,0.02136752136752136,0.9543081065246829,0.9541175916238616,0.9158417001692295,0.915657093211861,1.8591606889712688,87,3.43
emotions_train_1,0.03314571607254534,0.8592870544090057,0.9487179487179488,0.9534083802376485,0.9410256410256418,0.9216697936210131,0.9781113195747345,0.9446122860020141,0.948432760364004,0.9465186680121089,0.9751018560434586,0.9668542839274546,0.9437481157449407,0.9487054867266034,0.9458886509652653,0.9747848666266409,0.9668542839274546,0.9693499264860322,1.0168855534709194,0.04878048780487805,0.08818011257035648,0.17636022514071295,0.023749218261413376,0.9529355818776684,0.9526816277412099,0.916608580167078,0.9164638470213315,1.9547836430925227,87,3.163
emotions_train_1,0.034396497811131965,0.8480300187617261,0.9443402126328955,0.9490306441525956,0.9364602876798008,0.9158849280800501,0.9784240150093813,0.9434914228052472,0.9453993933265925,0.9444444444444444,0.974649162516976,0.965603502188868,0.9410951637172911,0.9444830462452524,0.942360915237021,0.9746855898753335,0.965603502188868,0.9692501575299309,1.024390243902439,0.04878048780487805,0.0900562851782364,0.1801125703564728,0.024254742547425462,0.9496300533083919,0.9492897367317137,0.9139300642662139,0.9137364660492701,2.064941417139164,87,3.113
emotions_train_1,0.03533458411507193,0.8536585365853658,0.9480925578486553,0.9474671669793623,0.9373358348968114,0.9168230143839899,0.9782989368355223,0.9442190669371197,0.9413549039433772,0.9427848101265823,0.9751018560434586,0.964665415884928,0.94440737164032,0.9387976040756306,0.9410061776585646,0.9743608413600929,0.9646654158849279,0.9705419029615626,1.00375234521576,0.05065666041275797,0.08442776735459662,0.1575984990619137,0.02136752136752136,0.9543081065246829,0.9541175916238616,0.9158417001692295,0.915657093211861,1.8591606889712688,87,3.062
emotions_train_1,0.03252032520325203,0.8630393996247655,0.954659161976235,0.9509068167604754,0.9416510318949352,0.9218261413383363,0.9797998749218266,0.9474216380182002,0.9474216380182002,0.9474216380182002,0.9764599366229063,0.967479674796748,0.9461175575665527,0.9465055610722751,0.9460036864686416,0.9763314303612315,0.9674796747967479,0.9681264440243647,1.0187617260787993,0.05065666041275797,0.09193245778611632,0.16885553470919323,0.02351469668542839,0.9566795836319284,0.956584575384469,0.9175509714954271,0.9174554000640434,1.846087591261309,87,3.053
emotions_train_1,0.03314571607254534,0.8630393996247655,0.9452782989368355,0.9515322076297686,0.9388993120700444,0.9205753595997497,0.9790806754221391,0.9464105156723963,0.9464105156723963,0.9464105156723963,0.9760072430964237,0.9668542839274546,0.9452600260686532,0.9464093477001034,0.9455443571733094,0.9757728228380084,0.9668542839274546,0.9738237765175384,1.0112570356472796,0.04127579737335835,0.0825515947467167,0.17448405253283303,0.022488013341671872,0.9570106845029817,0.9568334132657812,0.9178480892480301,0.9177297833886784,1.872266503564809,87,2.017
emotions_train_1,0.03283302063789868,0.8630393996247655,0.9509068167604754,0.9559099437148219,0.9434021263289563,0.9243277048155099,0.9775797373358353,0.9428857715430862,0.9514661274014156,0.9471565173628586,0.9741964689904934,0.9671669793621013,0.9418506426609939,0.9516557093043865,0.9462605185680265,0.9740470787239262,0.9671669793621013,0.9675488342785128,1.0168855534709194,0.054409005628517824,0.09380863039399624,0.17073170731707318,0.023582447362935164,0.95186979697638,0.9516433799169722,0.9144289445819673,0.9142240359685762,1.9878264683938394,87,2.218
emotions_train_1,0.015009380863039403,0.9324577861163227,0.9696685428392744,0.9806128830519074,0.9702939337085682,0.960913070669168,0.9874921826141341,0.967741935483871,0.9836065573770492,0.975609756097561,0.9855985598559855,0.9849906191369606,0.9663932810440546,0.9832523853342362,0.9747310489889051,0.9854770103190456,0.9849906191369606,0.9869601677148848,0.8836772983114447,0.028142589118198873,0.03189493433395872,0.058161350844277676,0.008176985616010008,0.9778752465237872,0.9778044513537942,0.9562099349242494,0.9560228829132689,0.8345849306080608,87,7.619
yeast_train_1,0.01661740558292285,0.8942528735632184,0.964863163656267,0.9755495347564312,0.9682759489027244,0.9555935048348845,0.9848753213580816,0.9635768811341331,0.9809058614564832,0.9721641544724392,0.984423094860554,0.9833825944170772,0.8914440547737567,0.9540511004456167,0.9123490046421361,0.9819963922569297,0.9833825944170771,0.9811831260229052,3.4,0.023908045977011495,0.07448275862068965,0.38482758620689655,0.011423023245683343,0.9153166740728941,0.8807230999686146,0.887324554818729,0.8632050808683541,1.740732537516949,172,519.893
emotions_train_1,0.032833020637898676,0.8761726078799249,0.9465290806754223,0.947779862414009,0.9400875547217016,0.9249530956848032,0.979643527204503,0.9500509683995922,0.9433198380566802,0.94667343829355,0.9778280542986425,0.9671669793621013,0.951158053908021,0.941605484362094,0.9460987557478558,0.9767433493755773,0.9671669793621013,0.9665415884928077,1.0112570356472796,0.05065666041275797,0.08630393996247655,0.19136960600375236,0.026610381488430267,0.9743315393083569,0.9742972589715294,0.9309418252680616,0.9308120109752072,1.28857853124705,87,1.561
emotions_train_1,0.03158223889931206,0.8799249530956847,0.9476235146966855,0.9571607254534085,0.9455731260609315,0.9300187617260788,0.9763914946841777,0.943943943943944,0.9544534412955465,0.949169602415702,0.9746606334841629,0.9684177611006879,0.9445156823316635,0.9534725981843876,0.9487248999173546,0.9735324883651435,0.9684177611006879,0.9711069418386488,0.9887429643527205,0.04127579737335835,0.075046904315197,0.15572232645403378,0.022514071294559103,0.9696284164315663,0.9695753130442273,0.9318551811068029,0.9317649024492659,1.4134225326595973,87,2.132
emotions_train_1,0.033458411507192,0.874296435272045,0.9480925578486555,0.9537210756722954,0.9442776735459668,0.9272983114446531,0.975171982489056,0.9418254764292878,0.9504048582995951,0.9460957178841309,0.9737556561085973,0.966541588492808,0.9441095017786378,0.9491107695812043,0.9464265466578677,0.972178226211806,0.966541588492808,0.9658432353554302,1.0056285178236397,0.0525328330206379,0.08067542213883677,0.19324577861163228,0.027293099854075464,0.9742736633530913,0.9742283953416224,0.9316655323098498,0.9315686109298957,1.3373117673182655,87,1.935
emotions_train_1,0.019074421513445905,0.9193245778611632,0.9706066291432148,0.9640400250156348,0.9632270168855541,0.9534083802376485,0.9913070669168232,0.9794871794871794,0.9588353413654619,0.9690512430238457,0.9909173478655767,0.9809255784865542,0.9806983684419232,0.9562891178968798,0.9682521364507429,0.9902753428637138,0.9809255784865542,0.985209505941213,0.9530956848030019,0.016885553470919325,0.043151969981238276,0.11069418386491557,0.014571607254534085,0.9852150991040797,0.9851873783849276,0.9377757678028854,0.9376780291481436,0.7998079975363993,87,2.119
emotions_train_1,0.018449030644152594,0.9324577861163227,0.9696685428392744,0.9696685428392744,0.9669793621013135,0.9591932457786116,0.9893058161350845,0.9766022380467956,0.963855421686747,0.9701869631126832,0.9895549500454133,0.9815509693558474,0.9777804692461419,0.9618078816937893,0.9695461915590872,0.9889675874849685,0.9815509693558474,0.9890869293308319,0.9362101313320825,0.01125703564727955,0.0375234521575985,0.08818011257035648,0.010798415676464456,0.9930558962341866,0.9930531303415032,0.9694391671432432,0.9692325130632673,0.4985639758063632,87,2.231
emotions_train_1,0.09036898061288302,0.6641651031894934,0.8612883051907446,0.8624140087554723,0.8470919324577875,0.8052220137585993,0.9367104440275177,0.8625641025641025,0.8443775100401606,0.8533739218670725,0.9391462306993642,0.909631019387117,0.8580104968187242,0.8373249587954711,0.8471534766478174,0.9380614411525138,0.9096310193871169,0.9375703564727949,1.198874296435272,0.06941838649155722,0.20825515947467166,0.44652908067542213,0.0557848655409631,0.9114284632833244,0.9103843759681068,0.8800208826232176,0.8792340325250817,1.9984076683849656,87,1.51
emotions_train_1,0.09036898061288302,0.6641651031894934,0.8612883051907446,0.8624140087554723,0.8470919324577875,0.8052220137585993,0.9367104440275177,0.8625641025641025,0.8443775100401606,0.8533739218670725,0.9391462306993642,0.909631019387117,0.8580104968187242,0.8373249587954711,0.8471534766478174,0.9380614411525138,0.9096310193871169,0.9375703564727949,1.198874296435272,0.06941838649155722,0.20825515947467166,0.44652908067542213,0.0557848655409631,0.9114284632833244,0.9103843759681068,0.8800208826232176,0.8792340325250817,1.9984076683849656,87,1.497
emotions_train_1,0.09036898061288302,0.6641651031894934,0.8612883051907446,0.8624140087554723,0.8470919324577875,0.8052220137585993,0.9367104440275177,0.8625641025641025,0.8443775100401606,0.8533739218670725,0.9391462306993642,0.909631019387117,0.8580104968187242,0.8373249587954711,0.8471534766478174,0.9380614411525138,0.9096310193871169,0.9375703564727949,1.198874296435272,0.06941838649155722,0.20825515947467166,0.44652908067542213,0.0557848655409631,0.9114284632833244,0.9103843759681068,0.8800208826232176,0.8792340325250817,1.9984076683849656,87,1.572
emotions_train_1,0.09036898061288302,0.6641651031894934,0.8612883051907446,0.8624140087554723,0.8470919324577875,0.8052220137585993,0.9367104440275177,0.8625641025641025,0.8443775100401606,0.8533739218670725,0.9391462306993642,0.909631019387117,0.8580104968187242,0.8373249587954711,0.8471534766478174,0.9380614411525138,0.9096310193871169,0.9375703564727949,1.198874296435272,0.06941838649155722,0.20825515947467166,0.44652908067542213,0.0557848655409631,0.9114284632833244,0.9103843759681068,0.8800208826232176,0.8792340325250817,1.9984076683849656,87,1.674
emotions_train_1,0.028767979987492167,0.8836772983114447,0.9562226391494685,0.9546591619762353,0.949030644152596,0.9335522201375862,0.9813633520950598,0.9552845528455285,0.951417004048583,0.9533468559837728,0.9800904977375565,0.9712320200125079,0.9572778839229015,0.9497656359474381,0.9533735924524515,0.9787973417969845,0.9712320200125079,0.9699499687304561,0.9793621013133208,0.04690431519699812,0.075046904315197,0.15196998123827393,0.02184177611006879,0.9712092641061725,0.9711893552913636,0.9294990674524426,0.9294631607215219,1.378412127991122,87,1.399
emotions_train_1,0.02845528455284551,0.8836772983114447,0.9526266416510322,0.9562226391494686,0.9480121504511755,0.9332395247029397,0.9815509693558475,0.9553299492385787,0.9524291497975709,0.9538773441459706,0.9800904977375565,0.9715447154471545,0.9558012916955576,0.9511262767925871,0.9533365368574174,0.9791666497324693,0.9715447154471545,0.969981238273921,1.0,0.04127579737335835,0.0825515947467167,0.17636022514071295,0.024567437982072126,0.9739288981472426,0.9739023994693533,0.9368576356331837,0.9367069052145419,1.278537986069399,87,3.274
emotions_train_1,0.020012507817385873,0.9193245778611632,0.9671669793621015,0.9662288930581614,0.9634146341463417,0.9537210756722952,0.9886178861788619,0.9745417515274949,0.9608433734939759,0.967644084934277,0.9886466848319709,0.9799874921826142,0.975729181636316,0.9586221286881655,0.967009093461121,0.9879411451312018,0.9799874921826142,0.9858192620387741,0.9455909943714822,0.01876172607879925,0.04127579737335835,0.10694183864915573,0.01337294142172191,0.9895385929688696,0.9895380435789197,0.9471144353552909,0.9468811318334658,0.7002800107534399,87,1.51
emotions_train_1,0.0190744215134459,0.9193245778611632,0.9718574108818011,0.9762351469668543,0.9699812382739216,0.9587242026266416,0.9857723577235774,0.9689067201604814,0.9698795180722891,0.9693928750627195,0.9859218891916439,0.9809255784865542,0.9716432934053353,0.9674844973067106,0.9692755442500024,0.9847869732506682,0.9809255784865542,0.9890035438815925,0.9230769230769231,0.016885553470919325,0.03377110694183865,0.08067542213883677,0.00978215551386283,0.9915906714697883,0.9915850568144028,0.9610763008997649,0.9608168678327039,0.5878912228933297,87,1.289
emotions_train_1,0.020950594121325824,0.9099437148217636,0.9648217636022514,0.9724828017510943,0.9645224694005187,0.9524702939337084,0.9833646028767982,0.964035964035964,0.9688755020080321,0.9664496745117677,0.9836512261580381,0.9790494058786742,0.9645689805081438,0.9668041798892574,0.9655948760745948,0.9830152816056822,0.9790494058786741,0.987742338961851,0.9380863039399625,0.016885553470919325,0.039399624765478425,0.09380863039399624,0.011475922451532209,0.9906675001342155,0.9906660424144578,0.9546476476236178,0.9543648705611334,0.5967238329919807,87,1.343
emotions_train_1,0.021888680425265795,0.9099437148217636,0.9687304565353344,0.9640400250156347,0.9622889305816137,0.9501250781738585,0.9861475922451532,0.9695740365111561,0.9598393574297188,0.9646821392532795,0.9863760217983651,0.9781113195747342,0.9724964728516504,0.9566160441732839,0.9642124157960487,0.9850853619095555,0.9781113195747343,0.9881488430268915,0.9362101313320825,0.013133208255159476,0.04127579737335835,0.09193245778611632,0.011152803835730665,0.9870689191011407,0.9870249946847817,0.9581056723528381,0.9577610790971655,0.648744216411417,87,1.33
emotions_train_1,0.02220137585991244,0.9136960600375235,0.9627892432770481,0.9606003752345216,0.9577861163227022,0.9474671669793618,0.9879299562226392,0.9733879222108496,0.9548192771084337,0.9640141915864167,0.9881925522252498,0.9777986241400876,0.974886005912272,0.9524553711468995,0.963378407452721,0.987388201307695,0.9777986241400876,0.9877527621430058,0.9305816135084428,0.016885553470919325,0.03564727954971857,0.0975609756097561,0.01194496560350219,0.9921841695612272,0.9921784400275404,0.9690668278741202,0.9688522693759336,0.5252263259601785,87,0.898
emotions_train_1,0.02032520325203252,0.9193245778611632,0.9727954971857411,0.9668542839274548,0.9658536585365857,0.954659161976235,0.9876172607879926,0.9725888324873097,0.9618473895582329,0.9671882887430591,0.9877384196185286,0.9796747967479674,0.9747721335293207,0.9597278789794293,0.9669850787772406,0.986801126111124,0.9796747967479674,0.9861997081509276,0.9455909943714822,0.016885553470919325,0.043151969981238276,0.0975609756097561,0.012304565353345842,0.9871142513811301,0.9870821808445736,0.9589137250493575,0.9585897316910283,0.6212186113659555,87,0.86
emotions_train_1,0.03095684803001876,0.8836772983114447,0.9455909943714822,0.9574734208880552,0.9456803359242388,0.9315196998123826,0.977048155096936,0.9467336683417086,0.9534412955465587,0.9500756429652042,0.9760180995475113,0.9690431519699813,0.9476542172494563,0.9518443595277902,0.9494653425899138,0.97495016686758,0.9690431519699813,0.9691682301438398,0.9906191369606003,0.043151969981238276,0.07879924953095685,0.15947467166979362,0.023712737127371278,0.9725828143522198,0.9725605931881883,0.9320600267451775,0.9319997695308574,1.2953802616032974,87,1.487
emotions_train_1,0.030018761726078785,0.8818011257035647,0.9507504690431521,0.9584115071919952,0.9477798624140094,0.9323014383989995,0.9788930581613509,0.9486921529175051,0.9544534412955465,0.9515640766902119,0.9769230769230769,0.9699812382739212,0.9499009209440419,0.9530528766905147,0.9513791427247794,0.9757669560227994,0.9699812382739212,0.966755263706483,1.00187617260788,0.04878048780487805,0.08442776735459662,0.18574108818011256,0.026089222430685843,0.9745933485275803,0.9745469265462611,0.9313075450883662,0.9311754465823842,1.2516638579203556,87,1.424
emotions_train_1,0.0190744215134459,0.9193245778611632,0.9718574108818011,0.9762351469668543,0.9699812382739216,0.9587242026266416,0.9857723577235774,0.9689067201604814,0.9698795180722891,0.9693928750627195,0.9859218891916439,0.9809255784865542,0.9716432934053353,0.9674844973067106,0.9692755442500024,0.9847869732506682,0.9809255784865542,0.9890035438815925,0.9230769230769231,0.016885553470919325,0.03377110694183865,0.08067542213883677,0.00978215551386283,0.9915906714697883,0.9915850568144028,0.9610763008997649,0.9608168678327039,0.5878912228933297,87,1.352
emotions_train_1,0.021575984990619145,0.9118198874296435,0.9677923702313945,0.9602876797998748,0.9607254534083806,0.9498123827392118,0.9887429643527205,0.9753846153846154,0.9548192771084337,0.9649923896499238,0.989100817438692,0.9784240150093808,0.9778427016851051,0.9512590933054549,0.9640175661454758,0.9880899039128531,0.9784240150093808,0.9883364602876797,0.9287054409005628,0.0150093808630394,0.039399624765478425,0.0825515947467167,0.010146966854283927,0.9900178199087266,0.9899908987202187,0.9709423466162219,0.9706522277686456,0.5461835736308497,87,3.663
emotions_train_1,0.01969981238273921,0.924953095684803,0.9718574108818011,0.9681050656660413,0.9661663539712323,0.9560662914321449,0.9881801125703565,0.9736040609137055,0.9628514056224899,0.9681978798586572,0.9881925522252498,0.9803001876172608,0.9758370242626806,0.9602470171147716,0.9677517436546732,0.9872404733735664,0.9803001876172609,0.9874140087554721,0.9362101313320825,0.0150093808630394,0.043151969981238276,0.09380863039399624,0.011642693350010424,0.9877056830717367,0.9876702631696544,0.9577596813631671,0.9574646998462726,0.6216028269026286,87,1.528
emotions_train_1,0.020637898686679177,0.9230769230769231,0.9671669793621013,0.964665415884928,0.9627892432770485,0.9537210756722951,0.9876172607879926,0.9725609756097561,0.9608433734939759,0.9666666666666667,0.9877384196185286,0.9793621013133208,0.9743899179846377,0.9586148671568537,0.9662822358360156,0.9868014945628935,0.9793621013133209,0.9819262038774232,0.9624765478424016,0.024390243902439025,0.04690431519699812,0.13133208255159476,0.016869918699186994,0.9888784973604562,0.9888772875600004,0.9446372082168716,0.9443807718712953,0.7239099979495667,87,1.275
emotions_train_1,0.021575984990619138,0.9155722326454033,0.9671669793621013,0.9659161976235145,0.9629768605378366,0.9523139462163852,0.9866791744840527,0.9705583756345177,0.9598393574297188,0.9651691065118627,0.9868301544050863,0.9784240150093808,0.9714757232034951,0.9564357241981177,0.9637674225615788,0.9861781120009204,0.9784240150093808,0.9857410881801125,0.9418386491557224,0.01876172607879925,0.039399624765478425,0.10694183864915573,0.013451115280383574,0.9895495565686336,0.9895491747673748,0.9552056015169996,0.9548883064848395,0.6269213511767269,87,1.416
emotions_train_1,0.020012507817385873,0.9193245778611632,0.9671669793621015,0.9662288930581614,0.9634146341463417,0.9537210756722952,0.9886178861788619,0.9745417515274949,0.9608433734939759,0.967644084934277,0.9886466848319709,0.9799874921826142,0.975729181636316,0.9586221286881655,0.967009093461121,0.9879411451312018,0.9799874921826142,0.9858192620387741,0.9455909943714822,0.01876172607879925,0.04127579737335835,0.10694183864915573,0.01337294142172191,0.9895385929688696,0.9895380435789197,0.9471144353552909,0.9468811318334658,0.7002800107534399,87,0.889
emotions_train_1,0.029080675422138817,0.8761726078799249,0.9546591619762353,0.9555972482801753,0.9484677923702322,0.9319887429643531,0.9817385866166358,0.9561671763506626,0.9493927125506073,0.9527679024885729,0.9805429864253393,0.9709193245778611,0.9577164253798444,0.9473418785983316,0.9521987213945824,0.9793057411883561,0.9709193245778612,0.971211173650198,1.0131332082551594,0.03564727954971857,0.08067542213883677,0.18386491557223264,0.02525015634771732,0.9740543066952895,0.9740071152111476,0.9301349260766232,0.9300130653921863,1.3110260523869999,87,1.294
emotions_train_1,0.0306441525953721,0.8611632270168855,0.9524702939337085,0.9565353345841151,0.9445278298936843,0.9252657911194497,0.980018761726079,0.9486404833836858,0.9524772497472194,0.9505549949545913,0.9769126301493889,0.9693558474046279,0.9472535482549538,0.9517625632157355,0.949291344205001,0.9767611818010553,0.969355847404628,0.9726685570258351,1.0131332082551594,0.0450281425891182,0.0825515947467167,0.17073170731707318,0.022404627892432766,0.9527632884957371,0.952518379356442,0.9154643897983162,0.9152986073984306,1.968575180855158,87,2.197
emotions_train_1,0.10225140712945589,0.624765478424015,0.8350218886804257,0.8395872420262664,0.8207629768605391,0.7748905565978736,0.9282989368355227,0.838974358974359,0.8279352226720648,0.8334182373917474,0.9289592760180996,0.8977485928705441,0.8338322319946639,0.8218082870805814,0.8274772772681794,0.927504104015851,0.8977485928705441,0.9201688555347086,1.25328330206379,0.09943714821763602,0.23639774859287055,0.5196998123827392,0.06857932040858869,0.8790527693589422,0.8780322558559456,0.856218071726464,0.8555550423359761,2.426036929319974,87,1.132
emotions_train_1,0.10225140712945589,0.624765478424015,0.8350218886804257,0.8395872420262664,0.8207629768605391,0.7748905565978736,0.9282989368355227,0.838974358974359,0.8279352226720648,0.8334182373917474,0.9289592760180996,0.8977485928705441,0.8338322319946639,0.8218082870805814,0.8274772772681794,0.927504104015851,0.8977485928705441,0.9201688555347086,1.25328330206379,0.09943714821763602,0.23639774859287055,0.5196998123827392,0.06857932040858869,0.8790527693589422,0.8780322558559456,0.856218071726464,0.8555550423359761,2.426036929319974,87,1.19
emotions_train_1,0.02814258911819886,0.8799249530956847,0.9543464665415886,0.9552845528455286,0.9482176360225147,0.9324577861163229,0.9818323952470297,0.9563008130081301,0.9524291497975709,0.9543610547667343,0.9805429864253393,0.9718574108818011,0.9569201106591771,0.950714308239899,0.9535605426208779,0.9795859672570498,0.9718574108818011,0.9723681467583905,0.9962476547842402,0.03564727954971857,0.07879924953095685,0.1669793621013133,0.023650198040441942,0.9745281874521958,0.9744924944260189,0.9368097956671083,0.9366759765033784,1.3042335865090222,87,1.398
emotions_train_1,0.03095684803001875,0.8780487804878049,0.9504377736085055,0.9562226391494686,0.9469311176628257,0.9312070043777363,0.9772983114446531,0.9467336683417086,0.9534412955465587,0.9500756429652042,0.9760180995475113,0.9690431519699813,0.9479246002578493,0.9520088260143877,0.9496940368140848,0.9749374279629773,0.9690431519699813,0.9663956639566392,1.0056285178236397,0.05065666041275797,0.08818011257035648,0.18386491557223264,0.02592766312278507,0.9718858242691035,0.9718533728342754,0.9351314293129204,0.9350292521365215,1.3398889713473712,87,1.439
emotions_train_1,0.03408380237648531,0.8686679174484052,0.9455909943714824,0.9446529080675424,0.938273921200751,0.9219824890556602,0.9781738586616637,0.9480122324159022,0.9412955465587044,0.9446419502285424,0.9769230769230769,0.9659161976235147,0.9494757824760952,0.9393068480125769,0.944171685814389,0.9756290744041073,0.9659161976235148,0.9655201167396286,1.0187617260787993,0.04878048780487805,0.0825515947467167,0.20637898686679174,0.029612257661038147,0.9728995734369056,0.9728263312300695,0.929214671749638,0.9290943266545467,1.3756833814339136,87,1.444
emotions_train_1,0.033145716072545336,0.874296435272045,0.9468417761100689,0.9552845528455286,0.9444295541856523,0.9279237023139463,0.9748592870544093,0.9418837675350702,0.951417004048583,0.94662638469285,0.9737556561085973,0.9668542839274546,0.9419591682992859,0.9504778516291889,0.9460405760885003,0.972884836041179,0.9668542839274545,0.9650823431311234,1.0150093808630394,0.05065666041275797,0.0900562851782364,0.2045028142589118,0.02827809047321242,0.9739875936523413,0.9739555601986458,0.9307402065385281,0.9306177749110374,1.2983594316169855,87,1.34
emotions_train_1,0.033771106941838644,0.8686679174484052,0.9446529080675423,0.9484052532833022,0.939587242026267,0.9230769230769231,0.9773921200750472,0.9453441295546559,0.9453441295546559,0.9453441295546559,0.9755656108597285,0.9662288930581614,0.9462685947949395,0.9447130436605944,0.9452152958289721,0.9744999471795767,0.9662288930581614,0.9655409631019385,1.0168855534709194,0.04878048780487805,0.08630393996247655,0.19699812382739212,0.0284396497811132,0.9729755540054188,0.9729570488789087,0.9400568752643412,0.9398984785653576,1.4410662351575996,87,1.596
emotions_train_1,0.021575984990619138,0.9174484052532833,0.9665415884928081,0.9612257661038149,0.9604752970606634,0.9509068167604753,0.9886804252657911,0.9753846153846154,0.9548192771084337,0.9649923896499238,0.989100817438692,0.9784240150093808,0.9780231078161968,0.9516237299612778,0.9643840793642812,0.9879910926960677,0.9784240150093808,0.9831717740254325,0.9549718574108818,0.024390243902439025,0.0450281425891182,0.12570356472795496,0.015754638315613925,0.989838860397061,0.9898304200099042,0.9596640634074213,0.959415781247572,0.6359695175589027,87,1.205
emotions_train_1,0.020637898686679177,0.9230769230769231,0.9671669793621013,0.964665415884928,0.9627892432770485,0.9537210756722951,0.9876172607879926,0.9725609756097561,0.9608433734939759,0.9666666666666667,0.9877384196185286,0.9793621013133208,0.9743899179846377,0.9586148671568537,0.9662822358360156,0.9868014945628935,0.9793621013133209,0.9819262038774232,0.9624765478424016,0.024390243902439025,0.04690431519699812,0.13133208255159476,0.016869918699186994,0.9888784973604562,0.9888772875600004,0.9446372082168716,0.9443807718712953,0.7239099979495667,87,1.326
emotions_train_1,0.029080675422138824,0.874296435272045,0.9537210756722954,0.952157598499062,0.9459662288930589,0.9293308317698564,0.9830519074421514,0.958974358974359,0.9463562753036437,0.9526235354049923,0.9819004524886877,0.9709193245778611,0.9605932497227402,0.9437934812466423,0.9518104048823645,0.980733869168096,0.9709193245778612,0.9705857827809047,1.0168855534709194,0.0375234521575985,0.07879924953095685,0.1894934333958724,0.026005836981446737,0.9737361457412996,0.9736919937770993,0.9300017722007289,0.9298748969901369,1.3409212202528837,87,0.782
emotions_train_1,0.029393370856785478,0.8780487804878049,0.9537210756722954,0.9562226391494686,0.9480925578486561,0.9318323952470297,0.9808630393996252,0.9533468559837728,0.951417004048583,0.9523809523809523,0.9791855203619909,0.9706066291432145,0.9556331638372857,0.949104823722935,0.9521023167831446,0.977714799904983,0.9706066291432145,0.973358348968105,0.9831144465290806,0.03564727954971857,0.07879924953095685,0.15196998123827393,0.0205232436939754,0.9742141303612525,0.9741640149251277,0.930142691740786,0.9300210591991452,1.240112142097298,87,0.939
emotions_train_1,0.030018761726078792,0.8780487804878049,0.9521575984990621,0.9521575984990621,0.9455284552845534,0.9299562226391497,0.981238273921201,0.9541751527494908,0.9483805668016194,0.9512690355329949,0.9796380090497737,0.9699812382739212,0.9552116205312123,0.9475645016906608,0.9511906686897484,0.9785694921562929,0.9699812382739211,0.9695434646654156,1.0,0.04127579737335835,0.0825515947467167,0.1726078799249531,0.024661246612466124,0.9737919340736564,0.9737740796998602,0.938984286701889,0.9388655309813425,1.3678676424762712,87,1.054
emotions_train_1,0.029080675422138835,0.8911819887429644,0.9520012507817387,0.9537210756722954,0.9470293933708573,0.9335522201375861,0.9815509693558475,0.9552390640895219,0.9504048582995951,0.9528158295281582,0.9800904977375565,0.9709193245778611,0.9562031327139557,0.9495762904870791,0.9527672437107642,0.9791195962375306,0.970919324577861,0.9655357515113611,1.0075046904315197,0.0525328330206379,0.07879924953095685,0.19324577861163228,0.027538044611215343,0.9758506126052907,0.9758236350506009,0.934448666908975,0.9343694738476909,1.235455867189274,87,0.951
emotions_train_1,0.09912445278298929,0.6210131332082551,0.846935584740463,0.8205128205128206,0.8148664343786307,0.7670106316447779,0.9434646654158855,0.8627027027027027,0.8076923076923077,0.8342916884474647,0.9425339366515837,0.9008755472170107,0.8673119867348059,0.7969983185966104,0.8285468267403724,0.9396917127699481,0.9008755472170106,0.9150354388159264,1.272045028142589,0.10881801125703565,0.24577861163227016,0.525328330206379,0.07084636230977694,0.8814230689387815,0.8802391739437513,0.8597007017144987,0.8586554759694606,2.3511075149743865,87,1.16
emotions_train_1,0.09036898061288302,0.6641651031894934,0.8612883051907446,0.8624140087554723,0.8470919324577875,0.8052220137585993,0.9367104440275177,0.8625641025641025,0.8443775100401606,0.8533739218670725,0.9391462306993642,0.909631019387117,0.8580104968187242,0.8373249587954711,0.8471534766478174,0.9380614411525138,0.9096310193871169,0.9375703564727949,1.198874296435272,0.06941838649155722,0.20825515947467166,0.44652908067542213,0.0557848655409631,0.9114284632833244,0.9103843759681068,0.8800208826232176,0.8792340325250817,1.9984076683849656,87,1.044
emotions_train_1,0.09318323952470288,0.6435272045028143,0.8569418386491562,0.8633520950594121,0.8428303403913172,0.7956222639149468,0.9320825515947474,0.8525252525252526,0.8473895582329317,0.8499496475327291,0.9336966394187103,0.906816760475297,0.8595697922294798,0.8356423970567254,0.8443538132647327,0.9297833312719183,0.906816760475297,0.9356629143214505,1.1951219512195121,0.07692307692307693,0.2026266416510319,0.4352720450281426,0.05535230352303521,0.9142946510356,0.9129114210225537,0.8841156227673784,0.8830819409443197,1.9084393576679393,87,1.611
emotions_train_1,0.020012507817385873,0.9193245778611632,0.9671669793621015,0.9662288930581614,0.9634146341463417,0.9537210756722952,0.9886178861788619,0.9745417515274949,0.9608433734939759,0.967644084934277,0.9886466848319709,0.9799874921826142,0.975729181636316,0.9586221286881655,0.967009093461121,0.9879411451312018,0.9799874921826142,0.9858192620387741,0.9455909943714822,0.01876172607879925,0.04127579737335835,0.10694183864915573,0.01337294142172191,0.9895385929688696,0.9895380435789197,0.9471144353552909,0.9468811318334658,0.7002800107534399,87,0.907
emotions_train_1,0.020325203252032516,0.9136960600375235,0.9699812382739212,0.9759224515322078,0.9684177611006884,0.956066291432145,0.9842714196372735,0.965034965034965,0.9698795180722891,0.9674511767651477,0.9841053587647594,0.9796747967479674,0.967258108075277,0.9673920221428972,0.9670800060691936,0.983055024405529,0.9796747967479674,0.9894725870335624,0.9212007504690432,0.013133208255159476,0.03564727954971857,0.07317073170731707,0.009062956014175526,0.9924329923791234,0.9924303955155975,0.9692197378433566,0.969019875228417,0.4950873944061598,87,0.91
emotions_train_1,0.02095059412132582,0.9099437148217636,0.9718574108818011,0.9662288930581614,0.9644777986241404,0.9518449030644153,0.9874609130706693,0.9725330620549338,0.9598393574297188,0.966144517433047,0.9877384196185286,0.9790494058786742,0.9755390480048637,0.9567230423997204,0.9658083781392746,0.9865143415165475,0.9790494058786742,0.9900041692724617,0.9212007504690432,0.0150093808630394,0.0300187617260788,0.07692307692307693,0.00931311236189285,0.991670959965818,0.9916674947177034,0.9615245078248669,0.9612774873078024,0.589444840628565,87,1.315
emotions_train_1,0.019074421513445905,0.926829268292683,0.9673233270794247,0.9674796747967479,0.9643348521397305,0.956066291432145,0.9888055034396497,0.9746192893401016,0.963855421686747,0.9692074709742554,0.9886466848319709,0.9809255784865542,0.976029492380493,0.9619333869663113,0.9688329958477112,0.9878453810023385,0.9809255784865542,0.9837867417135708,0.9512195121951219,0.0225140712945591,0.043151969981238276,0.1200750469043152,0.015155305399207838,0.9896972393304994,0.9896949994393701,0.9534053390616594,0.9531280707476764,0.6578840884889844,87,1.29
emotions_train_1,0.033458411507192,0.8724202626641651,0.9452782989368357,0.9462163852407757,0.9399624765478429,0.9243277048155099,0.9780800500312699,0.948118006103764,0.9433198380566802,0.945712836123795,0.9769230769230769,0.966541588492808,0.9509206553771362,0.9415698744352673,0.9460415545472727,0.9752279489642831,0.966541588492808,0.9651240358557428,1.0150093808630394,0.05065666041275797,0.08442776735459662,0.20075046904315197,0.028371899103606425,0.9705318359972912,0.970494399900637,0.9271039372899015,0.9270468356148904,1.4705112693551277,87,1.369
emotions_train_1,0.10225140712945589,0.624765478424015,0.8350218886804257,0.8395872420262664,0.8207629768605391,0.7748905565978736,0.9282989368355227,0.838974358974359,0.8279352226720648,0.8334182373917474,0.9289592760180996,0.8977485928705441,0.8338322319946639,0.8218082870805814,0.8274772772681794,0.927504104015851,0.8977485928705441,0.9201688555347086,1.25328330206379,0.09943714821763602,0.23639774859287055,0.5196998123827392,0.06857932040858869,0.8790527693589422,0.8780322558559456,0.856218071726464,0.8555550423359761,2.426036929319974,87,1.077
emotions_train_1,0.03283302063789868,0.874296435272045,0.9512195121951221,0.9571607254534085,0.9470919324577868,0.9299562226391497,0.9752657911194498,0.9410589410589411,0.9534412955465587,0.947209653092006,0.9733031674208145,0.9671669793621013,0.9433145160324962,0.9525940962109657,0.9477508178665933,0.9717282840237979,0.9671669793621014,0.9675474254742548,1.0075046904315197,0.04690431519699812,0.07879924953095685,0.18574108818011256,0.026626016260162595,0.9725311629681322,0.9724756440469757,0.9303314883376959,0.9302191213081262,1.332270630844101,87,0.942
emotions_train_1,0.029393370856785485,0.8893058161350844,0.9499687304565354,0.9543464665415885,0.9467792370231399,0.9338649155722327,0.9806128830519076,0.9533468559837728,0.951417004048583,0.9523809523809523,0.9791855203619909,0.9706066291432145,0.9543229066333972,0.9510502394200958,0.9525739239425005,0.9780915068157241,0.9706066291432145,0.9688138419845734,0.9962476547842402,0.04690431519699812,0.07692307692307693,0.1801125703564728,0.025307483844069213,0.9725859177813097,0.9725755815997119,0.9348000915832303,0.9347084937853998,1.3822870130168183,87,1.653
emotions_train_1,0.029080675422138835,0.8855534709193246,0.9487179487179488,0.951219512195122,0.9438398999374613,0.930581613508443,0.9829268292682929,0.9580348004094166,0.9473684210526315,0.9526717557251908,0.9814479638009049,0.9709193245778611,0.9594350793844505,0.9463417903839159,0.9526826999609975,0.9803215886939056,0.9709193245778612,0.967703773191578,0.9849906191369606,0.05065666041275797,0.07879924953095685,0.1669793621013133,0.024103606420679595,0.9783511395084851,0.9783227848153759,0.9415747707141547,0.941448740832655,1.0478687643054203,87,1.445
emotions_train_1,0.018449030644152594,0.9324577861163227,0.9696685428392744,0.9696685428392744,0.9669793621013135,0.9591932457786116,0.9893058161350845,0.9766022380467956,0.963855421686747,0.9701869631126832,0.9895549500454133,0.9815509693558474,0.9777804692461419,0.9618078816937893,0.9695461915590872,0.9889675874849685,0.9815509693558474,0.9890869293308319,0.9362101313320825,0.01125703564727955,0.0375234521575985,0.08818011257035648,0.010798415676464456,0.9930558962341866,0.9930531303415032,0.9694391671432432,0.9692325130632673,0.4985639758063632,87,1.484
emotions_train_1,0.030956848030018753,0.8780487804878049,0.9532520325203253,0.9555972482801753,0.9478870722773169,0.9316760475297062,0.9780175109443405,0.9476334340382678,0.9524291497975709,0.95002523977789,0.9764705882352941,0.9690431519699813,0.9484241778812169,0.9520054096370315,0.9499809275853823,0.9753951962732891,0.9690431519699813,0.9699395455493014,0.9812382739212008,0.04878048780487805,0.07317073170731707,0.1575984990619137,0.02248280175109443,0.9686830108050177,0.9686110747454307,0.9310183988880305,0.930742880994521,1.3553173040861384,87,0.862
emotions_train_1,0.029393370856785478,0.8780487804878049,0.9537210756722954,0.9562226391494686,0.9480925578486561,0.9318323952470297,0.9808630393996252,0.9533468559837728,0.951417004048583,0.9523809523809523,0.9791855203619909,0.9706066291432145,0.9556331638372857,0.949104823722935,0.9521023167831446,0.977714799904983,0.9706066291432145,0.973358348968105,0.9831144465290806,0.03564727954971857,0.07879924953095685,0.15196998123827393,0.0205232436939754,0.9742141303612525,0.9741640149251277,0.930142691740786,0.9300210591991452,1.240112142097298,87,0.942
yeast_train_1,0.011986863711001687,0.8758620689655172,0.9761946725050173,0.9822585294654256,0.9769197679063174,0.9640226236088301,0.9904484213104918,0.9771172181716209,0.9818530207394048,0.9794793950638107,0.9905459264065252,0.9880131362889983,0.9356988609010392,0.9575149772599506,0.9431487529016442,0.9902862943164176,0.9880131362889985,0.9922848947477992,3.2170114942528736,0.010114942528735632,0.05103448275862069,0.19632183908045978,0.0048555133973853205,0.9652605273898013,0.9613278113384036,0.9359545485873534,0.9332066979068899,1.014555138690392,172,33.487
yeast_train_1,0.05802955665024622,0.7664367816091954,0.9190425104907862,0.8995718598132396,0.9002993806979075,0.8709610389610393,0.9659929776481516,0.917891194615816,0.88771967888913,0.9025533557602162,0.9655237377543331,0.9419704433497537,0.883211688802033,0.8208581071507428,0.8480100170371735,0.9497780038881355,0.9419704433497537,0.9344115412845474,4.19448275862069,0.06482758620689655,0.19080459770114944,2.1839080459770117,0.05628946158749117,0.8507627273848745,0.8404088462716877,0.8328010466548428,0.8234005622816913,8.976972743709466,172,63.611
yeast_train_1,0.014022988505747189,0.8666666666666667,0.9683052362707537,0.9871384783798577,0.974671319890387,0.9600437876299953,0.9861515291860141,0.966008166868999,0.9865870153291253,0.976189148497184,0.9857262026137733,0.9859770114942529,0.9350547608281808,0.96885738419982,0.9497741808558785,0.9794084916712131,0.9859770114942528,0.9917366261542877,3.2450574712643676,0.009195402298850575,0.05839080459770115,0.2335632183908046,0.005750694388625425,0.9728798040312892,0.9718578287780719,0.9362538191346195,0.9343377675010099,1.2150499615383836,172,66.055
yeast_train_1,0.05802955665024622,0.7664367816091954,0.9190425104907862,0.8995718598132396,0.9002993806979075,0.8709610389610393,0.9659929776481516,0.917891194615816,0.88771967888913,0.9025533557602162,0.9655237377543331,0.9419704433497537,0.883211688802033,0.8208581071507428,0.8480100170371735,0.9497780038881355,0.9419704433497537,0.9344115412845474,4.19448275862069,0.06482758620689655,0.19080459770114944,2.1839080459770117,0.05628946158749117,0.8507627273848745,0.8404088462716877,0.8328010466548428,0.8234005622816913,8.976972743709466,172,65.428
emotions_train_1,0.020950594121325824,0.9099437148217636,0.9648217636022514,0.9724828017510943,0.9645224694005187,0.9524702939337084,0.9833646028767982,0.964035964035964,0.9688755020080321,0.9664496745117677,0.9836512261580381,0.9790494058786742,0.9645689805081438,0.9668041798892574,0.9655948760745948,0.9830152816056822,0.9790494058786741,0.987742338961851,0.9380863039399625,0.016885553470919325,0.039399624765478425,0.09380863039399624,0.011475922451532209,0.9906675001342155,0.9906660424144578,0.9546476476236178,0.9543648705611334,0.5967238329919807,87,1.431
emotions_train_1,0.019074421513445905,0.926829268292683,0.9673233270794247,0.9674796747967479,0.9643348521397305,0.956066291432145,0.9888055034396497,0.9746192893401016,0.963855421686747,0.9692074709742554,0.9886466848319709,0.9809255784865542,0.976029492380493,0.9619333869663113,0.9688329958477112,0.9878453810023385,0.9809255784865542,0.9837867417135708,0.9512195121951219,0.0225140712945591,0.043151969981238276,0.1200750469043152,0.015155305399207838,0.9896972393304994,0.9896949994393701,0.9534053390616594,0.9531280707476764,0.6578840884889844,87,1.55
emotions_train_1,0.020012507817385866,0.9212007504690432,0.9724828017510945,0.9696685428392746,0.967041901188243,0.9570043777360853,0.9877110694183866,0.9726166328600405,0.9628514056224899,0.9677093844601413,0.9877384196185286,0.9799874921826142,0.9754177891322308,0.9594530363903188,0.9671522499842996,0.9865310288039336,0.9799874921826142,0.9858974358974357,0.9418386491557224,0.01876172607879925,0.039399624765478425,0.10318949343339587,0.013122785074004587,0.9905062220316561,0.990504439210906,0.9551838309829342,0.9548611328491888,0.6147873447088308,87,1.367
emotions_train_1,0.02345215759849906,0.8986866791744841,0.964665415884928,0.9681050656660413,0.9604752970606633,0.9457473420888052,0.9832082551594749,0.9618856569709128,0.9628514056224899,0.9623682890115404,0.9827429609445958,0.9765478424015009,0.9632976273474126,0.9598857307954409,0.9612299221449917,0.9820189993760492,0.9765478424015009,0.9892328538670001,0.9343339587242027,0.013133208255159476,0.03564727954971857,0.0825515947467167,0.010173024807171149,0.9873955606395315,0.9873519991341269,0.9607025120118046,0.9603427887218532,0.6195049882784293,87,1.484
emotions_train_1,0.020325203252032516,0.9136960600375235,0.9699812382739212,0.9759224515322078,0.9684177611006884,0.956066291432145,0.9842714196372735,0.965034965034965,0.9698795180722891,0.9674511767651477,0.9841053587647594,0.9796747967479674,0.967258108075277,0.9673920221428972,0.9670800060691936,0.983055024405529,0.9796747967479674,0.9894725870335624,0.9212007504690432,0.013133208255159476,0.03564727954971857,0.07317073170731707,0.009062956014175526,0.9924329923791234,0.9924303955155975,0.9692197378433566,0.969019875228417,0.4950873944061598,87,3.324
emotions_train_1,0.034709193245778605,0.8761726078799249,0.9455909943714822,0.9546591619762352,0.9437773608505321,0.9280800500312695,0.9727642276422764,0.936318407960199,0.9524291497975709,0.9443050677370798,0.9710407239819004,0.9652908067542214,0.9358880378685265,0.9516860938660202,0.9436226239901568,0.9702980910027478,0.9652908067542213,0.9650614967688138,1.022514071294559,0.04690431519699812,0.08818011257035648,0.19324577861163228,0.02807483844069209,0.9696763591604863,0.9696038882815194,0.9298990574579958,0.9297514578038709,1.3232310892056416,87,3.068
emotions_train_1,0.030331457160725436,0.8761726078799249,0.9552845528455287,0.9555972482801753,0.9484052532833028,0.9316760475297063,0.9795809881175737,0.9513677811550152,0.9504048582995951,0.9508860759493671,0.9782805429864253,0.9696685428392745,0.9530487547535866,0.9477034562086312,0.9501765988290366,0.9770047407022036,0.9696685428392745,0.969710235563894,1.0056285178236397,0.04127579737335835,0.07692307692307693,0.1801125703564728,0.02530748384406921,0.9722936482183585,0.9721690400501092,0.9274823134441602,0.9274035786076392,1.2646901081236943,87,2.285
emotions_train_1,0.03126954346466541,0.8799249530956847,0.9490306441525954,0.953095684803002,0.9454033771106949,0.9304252657911196,0.9788305190744218,0.9493927125506073,0.9493927125506073,0.9493927125506073,0.9773755656108597,0.9687304565353346,0.9492436223751319,0.9481781286405054,0.9486023759675662,0.9766238796897638,0.9687304565353346,0.9676255993329164,1.0,0.0450281425891182,0.08067542213883677,0.17636022514071295,0.02546904315196998,0.9687897814205932,0.9687364657568639,0.9247707568915126,0.9246458010793538,1.298078408840241,87,2.553
emotions_train_1,0.030331457160725436,0.8761726078799249,0.9552845528455287,0.9555972482801753,0.9484052532833028,0.9316760475297063,0.9795809881175737,0.9513677811550152,0.9504048582995951,0.9508860759493671,0.9782805429864253,0.9696685428392745,0.9530487547535866,0.9477034562086312,0.9501765988290366,0.9770047407022036,0.9696685428392745,0.969710235563894,1.0056285178236397,0.04127579737335835,0.07692307692307693,0.1801125703564728,0.02530748384406921,0.9723018118901847,0.9721770131994474,0.9275172971807532,0.927438154739801,1.2638611536353657,87,12.758
emotions_train_1,0.030956848030018753,0.8724202626641651,0.9493433395872423,0.945903689806129,0.940900562851783,0.92526579111945,0.9821763602251411,0.9558974358974359,0.9433198380566802,0.9495669893020886,0.9805429864253393,0.9690431519699813,0.9572967211655206,0.9425041390599639,0.9497021206172757,0.9794067339976317,0.9690431519699811,0.9681676047529706,1.0150093808630394,0.04127579737335835,0.08442776735459662,0.1894934333958724,0.026912653741922032,0.9677802627885782,0.9677249322356399,0.9322892626573444,0.9321627147609561,1.5254755814963141,87,1.45
emotions_train_1,0.0306441525953721,0.8818011257035647,0.9499687304565355,0.9452782989368358,0.9418386491557229,0.9283927454659167,0.983302063789869,0.9587628865979382,0.9412955465587044,0.9499489274770173,0.9819004524886877,0.9693558474046279,0.9596133240139907,0.938827927530738,0.9489848378767064,0.9809471513475083,0.9693558474046279,0.9660204294350634,1.0131332082551594,0.04878048780487805,0.0900562851782364,0.1951219512195122,0.02747550552428601,0.9705682681518021,0.9705065578338254,0.9333817067225937,0.9332138489795763,1.4033389395643376,87,1.402
emotions_train_1,0.02814258911819886,0.8799249530956847,0.9543464665415886,0.9552845528455286,0.9482176360225147,0.9324577861163229,0.9818323952470297,0.9563008130081301,0.9524291497975709,0.9543610547667343,0.9805429864253393,0.9718574108818011,0.9569201106591771,0.950714308239899,0.9535605426208779,0.9795859672570498,0.9718574108818011,0.9723681467583905,0.9962476547842402,0.03564727954971857,0.07879924953095685,0.1669793621013133,0.023650198040441942,0.9745281874521958,0.9744924944260189,0.9368097956671083,0.9366759765033784,1.3042335865090222,87,1.191
emotions_train_1,0.020012507817385866,0.9212007504690432,0.9724828017510945,0.9696685428392746,0.967041901188243,0.9570043777360853,0.9877110694183866,0.9726166328600405,0.9628514056224899,0.9677093844601413,0.9877384196185286,0.9799874921826142,0.9754177891322308,0.9594530363903188,0.9671522499842996,0.9865310288039336,0.9799874921826142,0.9858974358974357,0.9418386491557224,0.01876172607879925,0.039399624765478425,0.10318949343339587,0.013122785074004587,0.9905062220316561,0.990504439210906,0.9551838309829342,0.9548611328491888,0.6147873447088308,87,0.911
emotions_train_1,0.03377110694183865,0.8705440900562852,0.9462163852407757,0.9534083802376486,0.9425265791119456,0.9252657911194498,0.9752345215759853,0.9408817635270541,0.9504048582995951,0.945619335347432,0.9733031674208145,0.9662288930581614,0.9423139837973388,0.9496949531386157,0.9458044389640126,0.9720039819577511,0.9662288930581613,0.9682770481550965,1.00187617260788,0.043151969981238276,0.08442776735459662,0.1801125703564728,0.025510735876589533,0.9743002096628511,0.9742860079681765,0.9395624643743457,0.9394377199285087,1.3160622497164138,87,0.89
emotions_train_1,0.03314571607254534,0.8592870544090057,0.9487179487179488,0.9534083802376485,0.9410256410256418,0.9216697936210131,0.9781113195747345,0.9446122860020141,0.948432760364004,0.9465186680121089,0.9751018560434586,0.9668542839274546,0.9437481157449407,0.9487054867266034,0.9458886509652653,0.9747848666266409,0.9668542839274546,0.9693499264860322,1.0168855534709194,0.04878048780487805,0.08818011257035648,0.17636022514071295,0.023749218261413376,0.9529355818776684,0.9526816277412099,0.916608580167078,0.9164638470213315,1.9547836430925227,87,0.917
emotions_train_1,0.029393370856785478,0.8780487804878049,0.9537210756722954,0.9562226391494686,0.9480925578486561,0.9318323952470297,0.9808630393996252,0.9533468559837728,0.951417004048583,0.9523809523809523,0.9791855203619909,0.9706066291432145,0.9556331638372857,0.949104823722935,0.9521023167831446,0.977714799904983,0.9706066291432145,0.973358348968105,0.9831144465290806,0.03564727954971857,0.07879924953095685,0.15196998123827393,0.0205232436939754,0.9742141303612525,0.9741640149251277,0.930142691740786,0.9300210591991452,1.240112142097298,87,0.86
emotions_train_1,0.03283302063789868,0.874296435272045,0.9441838649155724,0.9549718574108819,0.9426963280621824,0.9260475297060664,0.9747654784240154,0.9410589410589411,0.9534412955465587,0.947209653092006,0.9733031674208145,0.9671669793621013,0.9417059054778956,0.9528131845446993,0.9469367492633531,0.9723341696681645,0.9671669793621013,0.9678705440900562,1.00375234521576,0.04690431519699812,0.08630393996247655,0.1801125703564728,0.024973942047112774,0.9752171886365065,0.9751861680129147,0.9313699477912402,0.9312404653556965,1.2193860634367981,87,0.839
emotions_train_1,0.029080675422138824,0.8874296435272045,0.9493433395872424,0.9524702939337087,0.9458411507192,0.9330831769856164,0.981894934333959,0.9561671763506626,0.9493927125506073,0.9527679024885729,0.9805429864253393,0.9709193245778611,0.9577002849949139,0.9491791029499529,0.9533604516828,0.9793738199069045,0.9709193245778612,0.9683552220137583,0.9887429643527205,0.04878048780487805,0.075046904315197,0.16885553470919323,0.024437148217636023,0.9721740559626486,0.9721639278936768,0.9344575669060275,0.9343440520325917,1.4027053065445174,87,1.455
emotions_train_1,0.029080675422138824,0.874296435272045,0.9537210756722954,0.952157598499062,0.9459662288930589,0.9293308317698564,0.9830519074421514,0.958974358974359,0.9463562753036437,0.9526235354049923,0.9819004524886877,0.9709193245778611,0.9605932497227402,0.9437934812466423,0.9518104048823645,0.980733869168096,0.9709193245778612,0.9705857827809047,1.0168855534709194,0.0375234521575985,0.07879924953095685,0.1894934333958724,0.026005836981446737,0.9737361457412996,0.9736919937770993,0.9300017722007289,0.9298748969901369,1.3409212202528837,87,1.242
emotions_train_1,0.02845528455284551,0.8836772983114447,0.9526266416510322,0.9562226391494686,0.9480121504511755,0.9332395247029397,0.9815509693558475,0.9553299492385787,0.9524291497975709,0.9538773441459706,0.9800904977375565,0.9715447154471545,0.9558012916955576,0.9511262767925871,0.9533365368574174,0.9791666497324693,0.9715447154471545,0.969981238273921,1.0,0.04127579737335835,0.0825515947467167,0.17636022514071295,0.024567437982072126,0.9739288981472426,0.9739023994693533,0.9368576356331837,0.9367069052145419,1.278537986069399,87,1.536
emotions_train_1,0.029080675422138824,0.874296435272045,0.9537210756722954,0.952157598499062,0.9459662288930589,0.9293308317698564,0.9830519074421514,0.958974358974359,0.9463562753036437,0.9526235354049923,0.9819004524886877,0.9709193245778611,0.9605932497227402,0.9437934812466423,0.9518104048823645,0.980733869168096,0.9709193245778612,0.9705857827809047,1.0168855534709194,0.0375234521575985,0.07879924953095685,0.1894934333958724,0.026005836981446737,0.9737361457412996,0.9736919937770993,0.9300017722007289,0.9298748969901369,1.3409212202528837,87,1.114
emotions_train_1,0.029080675422138824,0.874296435272045,0.9537210756722954,0.952157598499062,0.9459662288930589,0.9293308317698564,0.9830519074421514,0.958974358974359,0.9463562753036437,0.9526235354049923,0.9819004524886877,0.9709193245778611,0.9605932497227402,0.9437934812466423,0.9518104048823645,0.980733869168096,0.9709193245778612,0.9705857827809047,1.0168855534709194,0.0375234521575985,0.07879924953095685,0.1894934333958724,0.026005836981446737,0.9737361457412996,0.9736919937770993,0.9300017722007289,0.9298748969901369,1.3409212202528837,87,1.245
emotions_train_1,0.028142589118198853,0.8799249530956847,0.9540337711069421,0.9602876797998751,0.9507013311891369,0.9349593495934964,0.9810819262038776,0.9544534412955465,0.9544534412955465,0.9544534412955465,0.9796380090497737,0.9718574108818011,0.9562498916427614,0.952924037275961,0.9544752929705743,0.9783826104187888,0.971857410881801,0.9692828851365436,1.0168855534709194,0.039399624765478425,0.08630393996247655,0.19136960600375236,0.02613612674588284,0.9724423649044699,0.9724049320766774,0.9294927465524142,0.9293715377491845,1.3783400817051983,87,0.814
emotions_train_1,0.019387116948092562,0.9136960600375235,0.9715447154471546,0.9718574108818011,0.967631555436434,0.9559099437148217,0.9863664790494059,0.9707661290322581,0.9668674698795181,0.9688128772635815,0.9868301544050863,0.9806128830519074,0.9717544624616347,0.9640517177395047,0.9676932965966617,0.9861871716211241,0.9806128830519074,0.9862570356472795,0.949343339587242,0.016885553470919325,0.043151969981238276,0.10881801125703565,0.013466750052115907,0.989142236854308,0.9891418901587259,0.9438963137331774,0.9436763385011426,0.716657403264017,87,0.828
emotions_train_1,0.020950594121325824,0.9099437148217636,0.9648217636022514,0.9724828017510943,0.9645224694005187,0.9524702939337084,0.9833646028767982,0.964035964035964,0.9688755020080321,0.9664496745117677,0.9836512261580381,0.9790494058786742,0.9645689805081438,0.9668041798892574,0.9655948760745948,0.9830152816056822,0.9790494058786741,0.987742338961851,0.9380863039399625,0.016885553470919325,0.039399624765478425,0.09380863039399624,0.011475922451532209,0.9906675001342155,0.9906660424144578,0.9546476476236178,0.9543648705611334,0.5967238329919807,87,0.853
emotions_train_1,0.02814258911819886,0.8799249530956847,0.9543464665415886,0.9552845528455286,0.9482176360225147,0.9324577861163229,0.9818323952470297,0.9563008130081301,0.9524291497975709,0.9543610547667343,0.9805429864253393,0.9718574108818011,0.9569201106591771,0.950714308239899,0.9535605426208779,0.9795859672570498,0.9718574108818011,0.9723681467583905,0.9962476547842402,0.03564727954971857,0.07879924953095685,0.1669793621013133,0.023650198040441942,0.9745281874521958,0.9744924944260189,0.9368097956671083,0.9366759765033784,1.3042335865090222,87,0.864
emotions_train_1,0.029706066291432135,0.8799249530956847,0.9557535959974985,0.9546591619762352,0.9484052532833027,0.9329268292682927,0.980956848030019,0.9532994923857868,0.9504048582995951,0.9518499746578813,0.9791855203619909,0.9702939337085679,0.954260900483931,0.9485043341453193,0.9512893430355556,0.9781025677207228,0.970293933708568,0.9700854700854699,0.99812382739212,0.039399624765478425,0.07692307692307693,0.1651031894934334,0.024108818011257034,0.9720561127874788,0.9720225440913486,0.9362149436104247,0.9360654034650762,1.37018164350775,87,0.873
emotions_train_1,0.03095684803001876,0.8836772983114447,0.9455909943714822,0.9574734208880552,0.9456803359242388,0.9315196998123826,0.977048155096936,0.9467336683417086,0.9534412955465587,0.9500756429652042,0.9760180995475113,0.9690431519699813,0.9476542172494563,0.9518443595277902,0.9494653425899138,0.97495016686758,0.9690431519699813,0.9691682301438398,0.9906191369606003,0.043151969981238276,0.07879924953095685,0.15947467166979362,0.023712737127371278,0.9725828143522198,0.9725605931881883,0.9320600267451775,0.9319997695308574,1.2953802616032974,87,0.895
emotions_train_1,0.019699812382739212,0.9230769230769231,0.9727954971857411,0.9684177611006881,0.9659787367104447,0.9554409005628518,0.9883677298311448,0.9736040609137055,0.9628514056224899,0.9681978798586572,0.9881925522252498,0.9803001876172608,0.9762253208969774,0.960188852075635,0.9677847086110235,0.9871416621567809,0.9803001876172607,0.9875338753387535,0.9230769230769231,0.01876172607879925,0.03564727954971857,0.0825515947467167,0.010350218886804253,0.9920758179931558,0.992070857427907,0.9688314969087433,0.9686286213756129,0.5391847666804844,87,0.832
emotions_train_1,0.02032520325203252,0.9193245778611632,0.9727954971857411,0.9668542839274548,0.9658536585365857,0.954659161976235,0.9876172607879926,0.9725888324873097,0.9618473895582329,0.9671882887430591,0.9877384196185286,0.9796747967479674,0.9747721335293207,0.9597278789794293,0.9669850787772406,0.986801126111124,0.9796747967479674,0.9861997081509276,0.9455909943714822,0.016885553470919325,0.043151969981238276,0.0975609756097561,0.012304565353345842,0.9871142513811301,0.9870821808445736,0.9589137250493575,0.9585897316910283,0.6212186113659555,87,0.959
emotions_train_1,0.02095059412132583,0.9174484052532833,0.9671669793621013,0.9649781113195748,0.9625390869293312,0.9527829893683553,0.9878361475922451,0.9734964322120285,0.9588353413654619,0.966110268082954,0.9881925522252498,0.9790494058786742,0.9758390098705885,0.9559172197097453,0.9655013865265923,0.9871222962332419,0.9790494058786741,0.9832499478840939,0.9512195121951219,0.024390243902439025,0.043151969981238276,0.12570356472795496,0.01578069626850115,0.9896496672141354,0.9896419312240375,0.9541039382182311,0.9537990981048141,0.6635816863293221,87,0.82
emotions_train_1,0.02845528455284552,0.8911819887429644,0.9532520325203253,0.9565353345841151,0.9483427141963733,0.935428392745466,0.981801125703565,0.9544072948328267,0.9534412955465587,0.9539240506329114,0.9796380090497737,0.9715447154471545,0.9541933210834154,0.9527416897651527,0.953319392318499,0.9790605495003937,0.9715447154471546,0.9718886804252655,0.975609756097561,0.039399624765478425,0.07317073170731707,0.13883677298311445,0.02080466958515739,0.976303099813227,0.9762662245597834,0.9429771399052965,0.9427373132367827,1.122042660120708,87,1.084
emotions_train_1,0.02845528455284552,0.8911819887429644,0.9532520325203253,0.9565353345841151,0.9483427141963733,0.935428392745466,0.981801125703565,0.9544072948328267,0.9534412955465587,0.9539240506329114,0.9796380090497737,0.9715447154471545,0.9541933210834154,0.9527416897651527,0.953319392318499,0.9790605495003937,0.9715447154471546,0.9718886804252655,0.975609756097561,0.039399624765478425,0.07317073170731707,0.13883677298311445,0.02080466958515739,0.976303099813227,0.9762662245597834,0.9429771399052965,0.9427373132367827,1.122042660120708,87,0.981
emotions_train_1,0.02845528455284552,0.8911819887429644,0.9532520325203253,0.9565353345841151,0.9483427141963733,0.935428392745466,0.981801125703565,0.9544072948328267,0.9534412955465587,0.9539240506329114,0.9796380090497737,0.9715447154471545,0.9541933210834154,0.9527416897651527,0.953319392318499,0.9790605495003937,0.9715447154471546,0.9718886804252655,0.975609756097561,0.039399624765478425,0.07317073170731707,0.13883677298311445,0.02080466958515739,0.976303099813227,0.9762662245597834,0.9429771399052965,0.9427373132367827,1.122042660120708,87,0.968
emotions_train_1,0.025328330206378983,0.9193245778611632,0.956535334584115,0.958411507191995,0.9543464665415888,0.9459036898061287,0.9837711069418387,0.9635258358662614,0.9548192771084337,0.9591527987897126,0.9836512261580381,0.974671669793621,0.9657528866632931,0.9549516475083757,0.9601665087846324,0.9825830593666068,0.974671669793621,0.9787054409005626,0.9681050656660413,0.03189493433395872,0.05065666041275797,0.14821763602251406,0.019366270585782778,0.9861121051552638,0.9860807129541282,0.9618188729315883,0.9615609878699306,0.7955825941651866,87,0.913
emotions_train_1,0.025328330206378983,0.9193245778611632,0.956535334584115,0.958411507191995,0.9543464665415888,0.9459036898061287,0.9837711069418387,0.9635258358662614,0.9548192771084337,0.9591527987897126,0.9836512261580381,0.974671669793621,0.9657528866632931,0.9549516475083757,0.9601665087846324,0.9825830593666068,0.974671669793621,0.9787054409005626,0.9681050656660413,0.03189493433395872,0.05065666041275797,0.14821763602251406,0.019366270585782778,0.9861121051552638,0.9860807129541282,0.9618188729315883,0.9615609878699306,0.7955825941651866,87,0.89
emotions_train_1,0.025328330206378983,0.9193245778611632,0.956535334584115,0.958411507191995,0.9543464665415888,0.9459036898061287,0.9837711069418387,0.9635258358662614,0.9548192771084337,0.9591527987897126,0.9836512261580381,0.974671669793621,0.9657528866632931,0.9549516475083757,0.9601665087846324,0.9825830593666068,0.974671669793621,0.9787054409005626,0.9681050656660413,0.03189493433395872,0.05065666041275797,0.14821763602251406,0.019366270585782778,0.9861121051552638,0.9860807129541282,0.9618188729315883,0.9615609878699306,0.7955825941651866,87,0.838
emotions_train_1,0.036272670419011895,0.8536585365853658,0.9449656035021888,0.9496560350218886,0.935959974984366,0.9158849280800498,0.9761413383364607,0.9386934673366835,0.9443882709807887,0.9415322580645161,0.9723856948845632,0.9637273295809882,0.9384809925757017,0.9445713400204642,0.9409055853295841,0.9718882041336278,0.9637273295809882,0.9662518378491912,1.0075046904315197,0.05628517823639775,0.09943714821763602,0.17073170731707318,0.023467792370231385,0.9553842859306503,0.9551537011072369,0.9179647363214513,0.9177868015832384,1.8397556455634108,87,0.968
emotions_train_1,0.036272670419011895,0.8536585365853658,0.9449656035021888,0.9496560350218886,0.935959974984366,0.9158849280800498,0.9761413383364607,0.9386934673366835,0.9443882709807887,0.9415322580645161,0.9723856948845632,0.9637273295809882,0.9384809925757017,0.9445713400204642,0.9409055853295841,0.9718882041336278,0.9637273295809882,0.9662518378491912,1.0075046904315197,0.05628517823639775,0.09943714821763602,0.17073170731707318,0.023467792370231385,0.9553842859306503,0.9551537011072369,0.9179647363214513,0.9177868015832384,1.8397556455634108,87,0.938
emotions_train_1,0.03252032520325203,0.8630393996247655,0.954659161976235,0.9509068167604754,0.9416510318949352,0.9218261413383363,0.9797998749218266,0.9474216380182002,0.9474216380182002,0.9474216380182002,0.9764599366229063,0.967479674796748,0.9461175575665527,0.9465055610722751,0.9460036864686416,0.9763314303612315,0.9674796747967479,0.9681264440243647,1.0187617260787993,0.05065666041275797,0.09193245778611632,0.16885553470919323,0.02351469668542839,0.9566795836319284,0.956584575384469,0.9175509714954271,0.9174554000640434,1.846087591261309,87,0.944
emotions_train_1,0.035647279549718566,0.8555347091932458,0.9471544715447155,0.9480925578486553,0.9371482176360233,0.9177611006879298,0.9782363977485931,0.9441624365482234,0.9403437815975733,0.9422492401215805,0.9751018560434586,0.9643527204502814,0.9440679173362833,0.9400720773572834,0.9412535674633258,0.974798162254265,0.9643527204502815,0.9687198067632851,1.0112570356472796,0.054409005628517824,0.08630393996247655,0.17823639774859287,0.023816968938920147,0.9540627606188207,0.9538104348624846,0.9169663813694869,0.916808937153063,1.9014980689571845,87,1.081
emotions_train_1,0.03189493433395872,0.8780487804878049,0.946372732958099,0.9546591619762353,0.9438845707138396,0.9280800500312697,0.9769543464665417,0.9465725806451613,0.9504048582995951,0.9484848484848485,0.9760180995475113,0.9681050656660413,0.9466223289266397,0.9498218986237889,0.9479350571573489,0.9753192091327231,0.9681050656660412,0.9672764227642273,1.0131332082551594,0.04690431519699812,0.08442776735459662,0.19699812382739212,0.027480717114863457,0.9747299343826015,0.9747036136252383,0.9381880001340227,0.9380283174270039,1.2619907922145719,87,0.925
emotions_train_1,0.09318323952470288,0.6435272045028143,0.8569418386491562,0.8633520950594121,0.8428303403913172,0.7956222639149468,0.9320825515947474,0.8525252525252526,0.8473895582329317,0.8499496475327291,0.9336966394187103,0.906816760475297,0.8595697922294798,0.8356423970567254,0.8443538132647327,0.9297833312719183,0.906816760475297,0.9356629143214505,1.1951219512195121,0.07692307692307693,0.2026266416510319,0.4352720450281426,0.05535230352303521,0.9142946510356,0.9129114210225537,0.8841156227673784,0.8830819409443197,1.9084393576679393,87,1.103
emotions_train_1,0.09036898061288302,0.6641651031894934,0.8612883051907446,0.8624140087554723,0.8470919324577875,0.8052220137585993,0.9367104440275177,0.8625641025641025,0.8443775100401606,0.8533739218670725,0.9391462306993642,0.909631019387117,0.8580104968187242,0.8373249587954711,0.8471534766478174,0.9380614411525138,0.9096310193871169,0.9375703564727949,1.198874296435272,0.06941838649155722,0.20825515947467166,0.44652908067542213,0.0557848655409631,0.9114284632833244,0.9103843759681068,0.8800208826232176,0.8792340325250817,1.9984076683849656,87,1.267
emotions_train_1,0.020012507817385866,0.9212007504690432,0.9724828017510945,0.9696685428392746,0.967041901188243,0.9570043777360853,0.9877110694183866,0.9726166328600405,0.9628514056224899,0.9677093844601413,0.9877384196185286,0.9799874921826142,0.9754177891322308,0.9594530363903188,0.9671522499842996,0.9865310288039336,0.9799874921826142,0.9858974358974357,0.9418386491557224,0.01876172607879925,0.039399624765478425,0.10318949343339587,0.013122785074004587,0.9905062220316561,0.990504439210906,0.9551838309829342,0.9548611328491888,0.6147873447088308,87,0.949
emotions_train_1,0.02032520325203252,0.9136960600375235,0.9651344590368982,0.9609130706691684,0.9593942642723136,0.9498123827392121,0.9893996247654787,0.9764585465711362,0.9578313253012049,0.9670552458185504,0.9895549500454133,0.9796747967479674,0.9775706410700759,0.9552329183088303,0.9660583574784803,0.9889493667062447,0.9796747967479674,0.9878153012299352,0.9455909943714822,0.013133208255159476,0.0375234521575985,0.10318949343339587,0.012763185324160934,0.9895092926021333,0.989504594763094,0.9539594782312539,0.9537387528950096,0.6453492966607841,87,0.905
emotions_train_1,0.030956848030018767,0.8836772983114447,0.9505941213258288,0.9521575984990621,0.9452246940051823,0.9302376485303314,0.9797998749218262,0.9521871820956256,0.9473684210526315,0.9497716894977168,0.9787330316742081,0.9690431519699813,0.9524731647366101,0.9460059206058681,0.9491227357186786,0.9778395145620048,0.9690431519699813,0.9682718365645192,1.0,0.0450281425891182,0.0825515947467167,0.17823639774859287,0.02462476547842402,0.9727429662575858,0.9726390311728909,0.9326767047068137,0.9325806501048431,0.8862866782836716,87,0.943
emotions_train_1,0.030956848030018767,0.8836772983114447,0.9505941213258288,0.9521575984990621,0.9452246940051823,0.9302376485303314,0.9797998749218262,0.9521871820956256,0.9473684210526315,0.9497716894977168,0.9787330316742081,0.9690431519699813,0.9524731647366101,0.9460059206058681,0.9491227357186786,0.9778395145620048,0.9690431519699813,0.9682718365645192,1.0,0.0450281425891182,0.0825515947467167,0.17823639774859287,0.02462476547842402,0.9727429662575858,0.9726390311728909,0.9326767047068137,0.9325806501048431,0.8862866782836716,87,0.912
emotions_train_1,0.018449030644152598,0.926829268292683,0.9727954971857411,0.9709193245778611,0.9676047529706069,0.9577861163227016,0.9893058161350844,0.9756345177664975,0.964859437751004,0.9702170620898536,0.989100817438692,0.9815509693558474,0.9764816771567694,0.9624254765082885,0.9693153062073478,0.9885107762420945,0.9815509693558474,0.9888941004794662,0.924953095684803,0.0150093808630394,0.03377110694183865,0.0825515947467167,0.010209505941213257,0.9929494669890534,0.9929443175707762,0.9683970588292018,0.9681990358768258,0.5145774882072561,87,1.014
emotions_train_1,0.020637898686679177,0.9230769230769231,0.9671669793621013,0.964665415884928,0.9627892432770485,0.9537210756722951,0.9876172607879926,0.9725609756097561,0.9608433734939759,0.9666666666666667,0.9877384196185286,0.9793621013133208,0.9743899179846377,0.9586148671568537,0.9662822358360156,0.9868014945628935,0.9793621013133209,0.9819262038774232,0.9624765478424016,0.024390243902439025,0.04690431519699812,0.13133208255159476,0.016869918699186994,0.9888784973604562,0.9888772875600004,0.9446372082168716,0.9443807718712953,0.7239099979495667,87,0.828
emotions_train_1,0.025328330206378983,0.9193245778611632,0.956535334584115,0.958411507191995,0.9543464665415888,0.9459036898061287,0.9837711069418387,0.9635258358662614,0.9548192771084337,0.9591527987897126,0.9836512261580381,0.974671669793621,0.9657528866632931,0.9549516475083757,0.9601665087846324,0.9825830593666068,0.974671669793621,0.9787054409005626,0.9681050656660413,0.03189493433395872,0.05065666041275797,0.14821763602251406,0.019366270585782778,0.9861121051552638,0.9860807129541282,0.9618188729315883,0.9615609878699306,0.7955825941651866,87,0.843
emotions_train_1,0.025328330206378983,0.9193245778611632,0.956535334584115,0.958411507191995,0.9543464665415888,0.9459036898061287,0.9837711069418387,0.9635258358662614,0.9548192771084337,0.9591527987897126,0.9836512261580381,0.974671669793621,0.9657528866632931,0.9549516475083757,0.9601665087846324,0.9825830593666068,0.974671669793621,0.9787054409005626,0.9681050656660413,0.03189493433395872,0.05065666041275797,0.14821763602251406,0.019366270585782778,0.9861121051552638,0.9860807129541282,0.9618188729315883,0.9615609878699306,0.7955825941651866,87,0.886
yeast_train_1,0.05339901477832504,0.7793103448275862,0.9244705345739828,0.911744638503259,0.9113051808003234,0.883706938017283,0.9660757365240137,0.9199115044247788,0.9021479713603818,0.9109431482090042,0.9659005275056518,0.9466009852216749,0.8988813664518158,0.8344107252661261,0.8616135094509222,0.9509435907320142,0.9466009852216749,0.9425076654474552,4.113103448275862,0.05655172413793103,0.17103448275862068,1.944367816091954,0.05015881664403832,0.8863771071070217,0.8820253515329035,0.8611711491293931,0.8566416603151041,6.601878138713325,172,33.379
yeast_train_1,0.05802955665024622,0.7664367816091954,0.9190425104907862,0.8995718598132396,0.9002993806979075,0.8709610389610393,0.9659929776481516,0.917891194615816,0.88771967888913,0.9025533557602162,0.9655237377543331,0.9419704433497537,0.883211688802033,0.8208581071507428,0.8480100170371735,0.9497780038881355,0.9419704433497537,0.9344115412845474,4.19448275862069,0.06482758620689655,0.19080459770114944,2.1839080459770117,0.05628946158749117,0.8507627273848745,0.8404088462716877,0.8328010466548428,0.8234005622816913,8.976972743709466,172,32.049
yeast_train_1,0.05802955665024622,0.7664367816091954,0.9190425104907862,0.8995718598132396,0.9002993806979075,0.8709610389610393,0.9659929776481516,0.917891194615816,0.88771967888913,0.9025533557602162,0.9655237377543331,0.9419704433497537,0.883211688802033,0.8208581071507428,0.8480100170371735,0.9497780038881355,0.9419704433497537,0.9344115412845474,4.19448275862069,0.06482758620689655,0.19080459770114944,2.1839080459770117,0.05628946158749117,0.8507627273848745,0.8404088462716877,0.8328010466548428,0.8234005622816913,8.976972743709466,172,31.81
emotions_train_1,0.025328330206378983,0.9193245778611632,0.956535334584115,0.958411507191995,0.9543464665415888,0.9459036898061287,0.9837711069418387,0.9635258358662614,0.9548192771084337,0.9591527987897126,0.9836512261580381,0.974671669793621,0.9657528866632931,0.9549516475083757,0.9601665087846324,0.9825830593666068,0.974671669793621,0.9787054409005626,0.9681050656660413,0.03189493433395872,0.05065666041275797,0.14821763602251406,0.019366270585782778,0.9861121051552638,0.9860807129541282,0.9618188729315883,0.9615609878699306,0.7955825941651866,87,0.864
emotions_train_1,0.025328330206378983,0.9193245778611632,0.956535334584115,0.958411507191995,0.9543464665415888,0.9459036898061287,0.9837711069418387,0.9635258358662614,0.9548192771084337,0.9591527987897126,0.9836512261580381,0.974671669793621,0.9657528866632931,0.9549516475083757,0.9601665087846324,0.9825830593666068,0.974671669793621,0.9787054409005626,0.9681050656660413,0.03189493433395872,0.05065666041275797,0.14821763602251406,0.019366270585782778,0.9861121051552638,0.9860807129541282,0.9618188729315883,0.9615609878699306,0.7955825941651866,87,0.935
emotions_train_1,0.02095059412132583,0.9174484052532833,0.9671669793621013,0.9649781113195748,0.9625390869293312,0.9527829893683553,0.9878361475922451,0.9734964322120285,0.9588353413654619,0.966110268082954,0.9881925522252498,0.9790494058786742,0.9758390098705885,0.9559172197097453,0.9655013865265923,0.9871222962332419,0.9790494058786741,0.9832499478840939,0.9512195121951219,0.024390243902439025,0.043151969981238276,0.12570356472795496,0.01578069626850115,0.9896496672141354,0.9896419312240375,0.9541039382182311,0.9537990981048141,0.6635816863293221,87,0.834
emotions_train_1,0.020950594121325834,0.9136960600375235,0.9718574108818011,0.9615384615384616,0.9623514696685433,0.9512195121951219,0.9900250156347719,0.9773895169578622,0.9548192771084337,0.9659725749111224,0.9900090826521344,0.9790494058786742,0.980644327832433,0.9508390083000187,0.9651923143838385,0.9888326087599656,0.9790494058786741,0.9843912862205543,0.9474671669793621,0.0225140712945591,0.043151969981238276,0.11444652908067542,0.014425682718365647,0.989249588940668,0.9892492334922894,0.9447088736204864,0.9444648767157348,0.7183162466779618,87,0.858
emotions_train_1,0.019699812382739212,0.9212007504690432,0.9734208880550342,0.9696685428392744,0.9680425265791122,0.9573170731707316,0.9871482176360227,0.9716885743174924,0.964859437751004,0.9682619647355164,0.9872842870118075,0.9803001876172608,0.9730226443874609,0.9620971475090242,0.9672575239241641,0.9865364804787782,0.9803001876172607,0.9878100896393577,0.9287054409005628,0.016885553470919325,0.04127579737335835,0.08442776735459662,0.010496143422972693,0.9915491176801217,0.9915471495938242,0.9561432102709491,0.9558280591141806,0.5733424769567393,87,0.649
emotions_train_1,0.02032520325203252,0.924953095684803,0.9637273295809883,0.9643527204502814,0.9614759224515327,0.9534083802376485,0.9883677298311444,0.9745158002038736,0.9598393574297188,0.9671219018715225,0.9886466848319709,0.9796747967479674,0.9761682787501836,0.9570137109378155,0.9663077991471006,0.9878036219620917,0.9796747967479674,0.9861371690639983,0.926829268292683,0.020637898686679174,0.03564727954971857,0.09193245778611632,0.01163748175943298,0.9921705115277698,0.9921638529893732,0.9710862734883943,0.9708220445930331,0.5499086430400829,87,0.506
emotions_train_1,0.020012507817385866,0.9193245778611632,0.9695121951219512,0.970293933708568,0.9667738765299743,0.9562226391494683,0.985803627267042,0.969758064516129,0.9658634538152611,0.9678068410462777,0.9863760217983651,0.9799874921826142,0.9697262282999866,0.9637723446344331,0.9666559598292941,0.9860198236089794,0.9799874921826142,0.9882270168855535,0.9399624765478424,0.013133208255159476,0.039399624765478425,0.0975609756097561,0.01194496560350219,0.9898154866974354,0.9898139642582877,0.9533350215657271,0.9530651785210267,0.6283201433314857,87,0.924
emotions_train_1,0.02095059412132583,0.9174484052532833,0.9671669793621013,0.9649781113195748,0.9625390869293312,0.9527829893683553,0.9878361475922451,0.9734964322120285,0.9588353413654619,0.966110268082954,0.9881925522252498,0.9790494058786742,0.9758390098705885,0.9559172197097453,0.9655013865265923,0.9871222962332419,0.9790494058786741,0.9832499478840939,0.9512195121951219,0.024390243902439025,0.043151969981238276,0.12570356472795496,0.01578069626850115,0.9896496672141354,0.9896419312240375,0.9541039382182311,0.9537990981048141,0.6635816863293221,87,0.801
emotions_train_1,0.021263289555972485,0.9080675422138836,0.9665415884928081,0.9684177611006881,0.9627267041901192,0.9505941213258287,0.9862101313320827,0.9686868686868687,0.9628514056224899,0.9657603222557906,0.9859218891916439,0.9787367104440275,0.9700724504943151,0.9602919391072523,0.9648959194313999,0.9852002179127274,0.9787367104440275,0.986382113821138,0.9474671669793621,0.0150093808630394,0.04690431519699812,0.1050656660412758,0.013112361892849698,0.987352191903485,0.9873178614808232,0.9576004033459191,0.9573112838830142,0.6421321082397853,87,0.969
emotions_train_1,0.02313946216385241,0.9099437148217636,0.9610694183864915,0.9674796747967481,0.9605825069239707,0.9482489055659784,0.982363977485929,0.9600798403193613,0.9658634538152611,0.9629629629629629,0.9818346957311535,0.9768605378361476,0.9606090490696334,0.965510228770374,0.9630172116938454,0.9811873813742104,0.9768605378361476,0.9756514488221804,0.9849906191369606,0.0375234521575985,0.06191369606003752,0.15384615384615385,0.02008025849489264,0.9778650228201774,0.9776517941440801,0.9276459691397312,0.9275405618439678,1.29343471793606,87,1.374
emotions_train_1,0.02313946216385241,0.9099437148217636,0.9610694183864915,0.9674796747967481,0.9605825069239707,0.9482489055659784,0.982363977485929,0.9600798403193613,0.9658634538152611,0.9629629629629629,0.9818346957311535,0.9768605378361476,0.9606090490696334,0.965510228770374,0.9630172116938454,0.9811873813742104,0.9768605378361476,0.9756514488221804,0.9849906191369606,0.0375234521575985,0.06191369606003752,0.15384615384615385,0.02008025849489264,0.9778650228201774,0.9776517941440801,0.9276459691397312,0.9275405618439678,1.29343471793606,87,1.283
emotions_train_1,0.017510944340212636,0.9080675422138836,0.970293933708568,0.9715447154471546,0.9657285803627274,0.9524702939337086,0.9893058161350847,0.9737903225806451,0.9698795180722891,0.971830985915493,0.9881925522252498,0.9824890556597874,0.9736127747305282,0.9686001791460853,0.9709414696983982,0.9879230386497704,0.9824890556597873,0.9888993120700437,0.9080675422138836,0.01876172607879925,0.03564727954971857,0.05065666041275797,0.006816760475297061,0.9871265410014152,0.9870242032252268,0.9612087738132397,0.9606964377547933,0.7226557014559475,87,1.325
emotions_train_1,0.02063789868667918,0.9230769230769231,0.9674796747967481,0.9634146341463414,0.961538461538462,0.9516885553470917,0.9885240775484679,0.9735234215885947,0.9598393574297188,0.9666329625884732,0.9881925522252498,0.9793621013133208,0.9740952355632729,0.9577204804978848,0.9657213281505544,0.9877161075897165,0.9793621013133209,0.9885345007296223,0.9305816135084428,0.013133208255159476,0.0375234521575985,0.08442776735459662,0.01044402751719825,0.9925141284699901,0.9925088661806196,0.9695260731227675,0.9693160804358529,0.4977085134655197,87,0.591
emotions_train_1,0.02313946216385241,0.9099437148217636,0.9610694183864915,0.9674796747967481,0.9605825069239707,0.9482489055659784,0.982363977485929,0.9600798403193613,0.9658634538152611,0.9629629629629629,0.9818346957311535,0.9768605378361476,0.9606090490696334,0.965510228770374,0.9630172116938454,0.9811873813742104,0.9768605378361476,0.9756514488221804,0.9849906191369606,0.0375234521575985,0.06191369606003752,0.15384615384615385,0.02008025849489264,0.9778650228201774,0.9776517941440801,0.9276459691397312,0.9275405618439678,1.29343471793606,87,1.264
emotions_train_1,0.013758599124452786,0.9305816135084428,0.9787367104440277,0.9840525328330206,0.9780487804878052,0.9682614133833647,0.9883051907442151,0.9741035856573705,0.9819277108433735,0.978,0.9881925522252498,0.9862414008755472,0.9762832033178631,0.9808068361514847,0.9784253228677251,0.987253356774738,0.9862414008755472,0.9943402126328956,0.9043151969981238,0.00375234521575985,0.024390243902439025,0.0375234521575985,0.004752970606629143,0.9963551128377932,0.996349167710698,0.9787343480912933,0.9785567034916816,0.37472039497021203,87,1.088
emotions_train_1,0.013445903689806131,0.9324577861163227,0.9832707942464043,0.9815509693558473,0.9792816939158407,0.9699812382739212,0.9907442151344591,0.9798590130916415,0.9769076305220884,0.9783810960281548,0.9909173478655767,0.9865540963101939,0.9801476699141508,0.9758799485099267,0.9779130273449107,0.9906533110078933,0.9865540963101939,0.9942464040025016,0.9043151969981238,0.005628517823639775,0.0225140712945591,0.043151969981238276,0.0052897644361059,0.9967024313160359,0.9966996311836017,0.9790974329686483,0.9788936863867519,0.3519965565071986,87,0.924
emotions_train_1,0.02220137585991244,0.9136960600375235,0.9627892432770481,0.9606003752345216,0.9577861163227022,0.9474671669793618,0.9879299562226392,0.9733879222108496,0.9548192771084337,0.9640141915864167,0.9881925522252498,0.9777986241400876,0.974886005912272,0.9524553711468995,0.963378407452721,0.987388201307695,0.9777986241400876,0.9877527621430058,0.9305816135084428,0.016885553470919325,0.03564727954971857,0.0975609756097561,0.01194496560350219,0.9921841695612272,0.9921784400275404,0.9690668278741202,0.9688522693759336,0.5252263259601785,87,0.95
emotions_train_1,0.023139462163852407,0.9080675422138836,0.9648217636022514,0.9681050656660413,0.9626730992584652,0.9504377736085052,0.9820825515947468,0.9619238476953907,0.963855421686747,0.9628886659979939,0.9827429609445958,0.9768605378361476,0.9620355096418488,0.9602397911758814,0.9609988800405637,0.9820681650996715,0.9768605378361475,0.9850740045861995,0.9474671669793621,0.020637898686679174,0.0450281425891182,0.1050656660412758,0.013216593704398583,0.9851810355261401,0.9851318005178464,0.95075995729573,0.9504144915741763,0.7420840842017948,87,0.884
emotions_train_1,0.011882426516572859,0.9418386491557224,0.9806128830519076,0.9799874921826142,0.9777360850531587,0.9699812382739212,0.9921826141338337,0.9828629032258065,0.9789156626506024,0.9808853118712274,0.9922797456857403,0.9881175734834271,0.9828505727553764,0.9780418145202957,0.9803725204644148,0.9920240932935314,0.9881175734834272,0.9949760266833437,0.8949343339587242,0.0075046904315197,0.016885553470919325,0.03377110694183865,0.0041796956431102775,0.9968131340322263,0.9968088355128296,0.9761633989649979,0.9758938732058243,0.36637556559842294,87,0.95
emotions_train_1,0.013445903689806131,0.9399624765478424,0.9790494058786741,0.9781113195747341,0.9757973733583493,0.9677923702313945,0.9906816760475297,0.9798590130916415,0.9769076305220884,0.9783810960281548,0.9909173478655767,0.9865540963101939,0.9806293805786147,0.9767241152262902,0.9786564565498476,0.9904075286552714,0.9865540963101939,0.9943506358140504,0.9061913696060038,0.00375234521575985,0.024390243902439025,0.043151969981238276,0.005237648530331457,0.99530714033172,0.9952994479698036,0.9696841659308708,0.9694163489599327,0.44510105326456684,87,1.328
emotions_train_1,0.020012507817385866,0.9212007504690432,0.9724828017510945,0.9696685428392746,0.967041901188243,0.9570043777360853,0.9877110694183866,0.9726166328600405,0.9628514056224899,0.9677093844601413,0.9877384196185286,0.9799874921826142,0.9754177891322308,0.9594530363903188,0.9671522499842996,0.9865310288039336,0.9799874921826142,0.9858974358974357,0.9418386491557224,0.01876172607879925,0.039399624765478425,0.10318949343339587,0.013122785074004587,0.9905062220316561,0.990504439210906,0.9551838309829342,0.9548611328491888,0.6147873447088308,87,0.858
emotions_train_1,0.02063789868667917,0.9155722326454033,0.9715447154471546,0.9596622889305817,0.9619136960600381,0.9520012507817387,0.9906816760475297,0.979381443298969,0.9538152610441767,0.9664292980671414,0.9909173478655767,0.9793621013133208,0.9812567165993512,0.9507069250614041,0.9655497019972666,0.9901253246399548,0.9793621013133209,0.9869606003752345,0.9437148217636022,0.016885553470919325,0.039399624765478425,0.1050656660412758,0.013023764853033148,0.989899146878963,0.9898973484569271,0.9482657974616148,0.9480161504589645,0.6491326498076749,87,0.875
emotions_train_1,0.017510944340212636,0.9080675422138836,0.970293933708568,0.9715447154471546,0.9657285803627274,0.9524702939337086,0.9893058161350847,0.9737903225806451,0.9698795180722891,0.971830985915493,0.9881925522252498,0.9824890556597874,0.9736127747305282,0.9686001791460853,0.9709414696983982,0.9879230386497704,0.9824890556597873,0.9888993120700437,0.9080675422138836,0.01876172607879925,0.03564727954971857,0.05065666041275797,0.006816760475297061,0.9871265410014152,0.9870242032252268,0.9612087738132397,0.9606964377547933,0.7226557014559475,87,1.388
emotions_train_1,0.017198248905565976,0.9024390243902439,0.9767041901188244,0.9690431519699815,0.9669614937907629,0.952626641651032,0.9912132582864294,0.9786368260427264,0.9658634538152611,0.9722081859525012,0.9904632152588556,0.982801751094434,0.97760190250438,0.9652182802163111,0.9712596846787925,0.9905102580555639,0.982801751094434,0.9865540963101935,0.9174484052532833,0.020637898686679174,0.0450281425891182,0.058161350844277676,0.008036272670419013,0.9873248731913525,0.9872413544738415,0.9628670571461869,0.9624913193680789,0.7356786790432651,87,1.42
emotions_train_1,0.02313946216385241,0.9099437148217636,0.9610694183864915,0.9674796747967481,0.9605825069239707,0.9482489055659784,0.982363977485929,0.9600798403193613,0.9658634538152611,0.9629629629629629,0.9818346957311535,0.9768605378361476,0.9606090490696334,0.965510228770374,0.9630172116938454,0.9811873813742104,0.9768605378361476,0.9756514488221804,0.9849906191369606,0.0375234521575985,0.06191369606003752,0.15384615384615385,0.02008025849489264,0.9778650228201774,0.9776517941440801,0.9276459691397312,0.9275405618439678,1.29343471793606,87,1.258
emotions_train_1,0.025015634771732326,0.9061913696060038,0.9576297686053784,0.9631019387116949,0.9567676226212816,0.9448092557848653,0.9816447779862415,0.9589178356713427,0.9608433734939759,0.9598796389167502,0.9813805631244323,0.9749843652282677,0.9582478314464419,0.9609552393159505,0.9595367302203625,0.9811545094432533,0.9749843652282677,0.9727798624140086,0.9887429643527205,0.0450281425891182,0.06378986866791744,0.16322701688555347,0.021779237023139462,0.9795302064962182,0.9793391324594561,0.936799211450873,0.9364529714521274,1.156525530319256,87,1.321
emotions_train_1,0.027829893683552223,0.8968105065666041,0.9537210756722951,0.9668542839274548,0.9562047708389175,0.9415884928080047,0.9762038774233899,0.947680157946693,0.963855421686747,0.9556993529118964,0.9759309718437784,0.9721701063164477,0.9489858267269909,0.9632479085489661,0.9560313217621776,0.9748187837449426,0.9721701063164477,0.970966228893058,1.00375234521576,0.0450281425891182,0.07129455909943715,0.1801125703564728,0.023978528246820927,0.9703925135752612,0.9700559761258887,0.9233738748909869,0.9232241922267823,1.4147067957020794,87,1.249
emotions_train_1,0.027829893683552223,0.8968105065666041,0.9537210756722951,0.9668542839274548,0.9562047708389175,0.9415884928080047,0.9762038774233899,0.947680157946693,0.963855421686747,0.9556993529118964,0.9759309718437784,0.9721701063164477,0.9489858267269909,0.9632479085489661,0.9560313217621776,0.9748187837449426,0.9721701063164477,0.970966228893058,1.00375234521576,0.0450281425891182,0.07129455909943715,0.1801125703564728,0.023978528246820927,0.9703925135752612,0.9700559761258887,0.9233738748909869,0.9232241922267823,1.4147067957020794,87,1.478
emotions_train_1,0.020012507817385866,0.9043151969981238,0.9717010631644779,0.9690431519699813,0.9657107120521762,0.9527829893683553,0.9874921826141341,0.97165991902834,0.963855421686747,0.967741935483871,0.9872842870118075,0.9799874921826142,0.9717263459480613,0.9618191272085629,0.9666607157686675,0.9869292339672368,0.9799874921826142,0.9903481342505732,0.9155722326454033,0.013133208255159476,0.03377110694183865,0.058161350844277676,0.007457786116322702,0.9918297600198057,0.9918189992676599,0.9685429724468403,0.9682758939647064,0.5310026422412568,87,1.079